SOCcode1,SOCcode2,angSep
9249,9249,0
1141,9249,0.136098931
9249,1141,0.136098931
1141,1141,0
4132,9249,0.146226359
9249,4132,0.146226359
4132,1141,0.05368561
1141,4132,0.05368561
4132,4132,0
9121,9249,0.156297928
9249,9121,0.156297928
9121,1141,0.167452701
1141,9121,0.167452701
9121,4132,0.235198759
4132,9121,0.235198759
9121,9121,0
7129,9249,0.089215127
9249,7129,0.089215127
7129,1141,0.042238831
1141,7129,0.042238831
7129,4132,0.05840242
4132,7129,0.05840242
7129,9121,0.156056658
9121,7129,0.156056658
7129,7129,0
9235,9249,0.126378784
9249,9235,0.126378784
9235,1141,0.10683861
1141,9235,0.10683861
9235,4132,0.157040714
4132,9235,0.157040714
9235,9121,0.032036096
9121,9235,0.032036096
9235,7129,0.102821719
7129,9235,0.102821719
9235,9235,0
5419,9249,0.216635796
9249,5419,0.216635796
5419,1141,0.127817308
1141,5419,0.127817308
5419,4132,0.141900545
4132,5419,0.141900545
5419,9121,0.132578849
9121,5419,0.132578849
5419,7129,0.128177427
7129,5419,0.128177427
5419,9235,0.080869314
9235,5419,0.080869314
5419,5419,0
3416,9249,0.180422462
9249,3416,0.180422462
3416,1141,0.060492378
1141,3416,0.060492378
3416,4132,0.069633646
4132,3416,0.069633646
3416,9121,0.194660805
9121,3416,0.194660805
3416,7129,0.06803546
7129,3416,0.06803546
3416,9235,0.132467684
9235,3416,0.132467684
3416,5419,0.085793688
5419,3416,0.085793688
3416,3416,0
6124,9249,0.127818539
9249,6124,0.127818539
6124,1141,0.0476547
1141,6124,0.0476547
6124,4132,0.066359345
4132,6124,0.066359345
6124,9121,0.200314594
9121,6124,0.200314594
6124,7129,0.036892185
7129,6124,0.036892185
6124,9235,0.148656885
9235,6124,0.148656885
6124,5419,0.155670658
5419,6124,0.155670658
6124,3416,0.068622573
3416,6124,0.068622573
6124,6124,0
3414,9249,0.159747783
9249,3414,0.159747783
3414,1141,0.177932092
1141,3414,0.177932092
3414,4132,0.215290819
4132,3414,0.215290819
3414,9121,0.190243534
9121,3414,0.190243534
3414,7129,0.11566234
7129,3414,0.11566234
3414,9235,0.180203767
9235,3414,0.180203767
3414,5419,0.205285401
5419,3414,0.205285401
3414,3416,0.157855019
3416,3414,0.157855019
3414,6124,0.130108781
6124,3414,0.130108781
3414,3414,0
3415,9249,0.160863124
9249,3415,0.160863124
3415,1141,0.086524464
1141,3415,0.086524464
3415,4132,0.09398892
4132,3415,0.09398892
3415,9121,0.193792828
9121,3415,0.193792828
3415,7129,0.070711855
7129,3415,0.070711855
3415,9235,0.138432343
9235,3415,0.138432343
3415,5419,0.102599789
5419,3415,0.102599789
3415,3416,0.045388294
3416,3415,0.045388294
3415,6124,0.066545986
6124,3415,0.066545986
3415,3414,0.105253509
3414,3415,0.105253509
3415,3415,0
3412,9249,0.127322538
9249,3412,0.127322538
3412,1141,0.043193673
1141,3412,0.043193673
3412,4132,0.038661991
4132,3412,0.038661991
3412,9121,0.202234396
9121,3412,0.202234396
3412,7129,0.040488243
7129,3412,0.040488243
3412,9235,0.135353918
9235,3412,0.135353918
3412,5419,0.125446641
5419,3412,0.125446641
3412,3416,0.03388813
3416,3412,0.03388813
3412,6124,0.034537063
6124,3412,0.034537063
3412,3414,0.146614047
3414,3412,0.146614047
3412,3415,0.046169346
3415,3412,0.046169346
3412,3412,0
3413,9249,0.124270322
9249,3413,0.124270322
3413,1141,0.122775544
1141,3413,0.122775544
3413,4132,0.126932675
4132,3413,0.126932675
3413,9121,0.200121173
9121,3413,0.200121173
3413,7129,0.068070594
7129,3413,0.068070594
3413,9235,0.160030899
9235,3413,0.160030899
3413,5419,0.175502823
5419,3413,0.175502823
3413,3416,0.094248509
3416,3413,0.094248509
3413,6124,0.076245197
6124,3413,0.076245197
3413,3414,0.053802951
3414,3413,0.053802951
3413,3415,0.068411335
3415,3413,0.068411335
3413,3412,0.066661211
3412,3413,0.066661211
3413,3413,0
3411,9249,0.170131858
9249,3411,0.170131858
3411,1141,0.087263809
1141,3411,0.087263809
3411,4132,0.115215389
4132,3411,0.115215389
3411,9121,0.10968854
9121,3411,0.10968854
3411,7129,0.082337089
7129,3411,0.082337089
3411,9235,0.077842368
9235,3411,0.077842368
3411,5419,0.042017676
5419,3411,0.042017676
3411,3416,0.041550695
3416,3411,0.041550695
3411,6124,0.094578736
6124,3411,0.094578736
3411,3414,0.121059763
3414,3411,0.121059763
3411,3415,0.056098597
3415,3411,0.056098597
3411,3412,0.075748357
3412,3411,0.075748357
3411,3413,0.089366443
3413,3411,0.089366443
3411,3411,0
5213,9249,0.198146669
9249,5213,0.198146669
5213,1141,0.175797003
1141,5213,0.175797003
5213,4132,0.234774755
4132,5213,0.234774755
5213,9121,0.036370796
9121,5213,0.036370796
5213,7129,0.179392406
7129,5213,0.179392406
5213,9235,0.051535718
9235,5213,0.051535718
5213,5419,0.117129223
5419,5213,0.117129223
5213,3416,0.191371046
3416,5213,0.191371046
5213,6124,0.203250957
6124,5213,0.203250957
5213,3414,0.196636992
3414,5213,0.196636992
5213,3415,0.201238858
3415,5213,0.201238858
5213,3412,0.215079612
3412,5213,0.215079612
5213,3413,0.216204014
3413,5213,0.216204014
5213,3411,0.108928472
3411,5213,0.108928472
5213,5213,0
2323,9249,0.184902224
9249,2323,0.184902224
2323,1141,0.044131484
1141,2323,0.044131484
2323,4132,0.051995907
4132,2323,0.051995907
2323,9121,0.251844363
9121,2323,0.251844363
2323,7129,0.063888966
7129,2323,0.063888966
2323,9235,0.176846303
9235,2323,0.176846303
2323,5419,0.158742201
5419,2323,0.158742201
2323,3416,0.055830828
3416,2323,0.055830828
2323,6124,0.064750846
6124,2323,0.064750846
2323,3414,0.19651174
3414,2323,0.19651174
2323,3415,0.091649604
3415,2323,0.091649604
2323,3412,0.038859268
3412,2323,0.038859268
2323,3413,0.123534846
3413,2323,0.123534846
2323,3411,0.116402772
3411,2323,0.116402772
2323,5213,0.244012673
5213,2323,0.244012673
2323,2323,0
2322,9249,0.173176698
9249,2322,0.173176698
2322,1141,0.055504927
1141,2322,0.055504927
2322,4132,0.082111691
4132,2322,0.082111691
2322,9121,0.254996721
9121,2322,0.254996721
2322,7129,0.065673831
7129,2322,0.065673831
2322,9235,0.196062115
9235,2322,0.196062115
2322,5419,0.190706094
5419,2322,0.190706094
2322,3416,0.079595931
3416,2322,0.079595931
2322,6124,0.032656455
6124,2322,0.032656455
2322,3414,0.173816408
3414,2322,0.173816408
2322,3415,0.088435081
3415,2322,0.088435081
2322,3412,0.043624349
3412,2322,0.043624349
2322,3413,0.110674924
3413,2322,0.110674924
2322,3411,0.127913432
3411,2322,0.127913432
2322,5213,0.263005066
5213,2322,0.263005066
2322,2323,0.043895825
2323,2322,0.043895825
2322,2322,0
2321,9249,0.177638406
9249,2321,0.177638406
2321,1141,0.026853387
1141,2321,0.026853387
2321,4132,0.073404522
4132,2321,0.073404522
2321,9121,0.183015408
9121,2321,0.183015408
2321,7129,0.065983125
7129,2321,0.065983125
2321,9235,0.131949889
9235,2321,0.131949889
2321,5419,0.142024115
5419,2321,0.142024115
2321,3416,0.068485015
3416,2321,0.068485015
2321,6124,0.047041844
6124,2321,0.047041844
2321,3414,0.189368469
3414,2321,0.189368469
2321,3415,0.102085272
3415,2321,0.102085272
2321,3412,0.055983802
3412,2321,0.055983802
2321,3413,0.139874675
3413,2321,0.139874675
2321,3411,0.092765084
3411,2321,0.092765084
2321,5213,0.18141008
5213,2321,0.18141008
2321,2323,0.050197345
2323,2321,0.050197345
2321,2322,0.0484822
2322,2321,0.0484822
2321,2321,0
3552,9249,0.156287975
9249,3552,0.156287975
3552,1141,0.080197211
1141,3552,0.080197211
3552,4132,0.14102463
4132,3552,0.14102463
3552,9121,0.109396706
9121,3552,0.109396706
3552,7129,0.093997111
7129,3552,0.093997111
3552,9235,0.087182802
9235,3552,0.087182802
3552,5419,0.141012483
5419,3552,0.141012483
3552,3416,0.124927409
3416,3552,0.124927409
3552,6124,0.100015698
6124,3552,0.100015698
3552,3414,0.191907052
3414,3552,0.191907052
3552,3415,0.135076457
3415,3552,0.135076457
3552,3412,0.11182366
3412,3552,0.11182366
3552,3413,0.158829875
3413,3552,0.158829875
3552,3411,0.102147938
3411,3552,0.102147938
3552,5213,0.133239415
5213,3552,0.133239415
3552,2323,0.128958166
2323,3552,0.128958166
3552,2322,0.102941541
2322,3552,0.102941541
3552,2321,0.066582829
2321,3552,0.066582829
3552,3552,0
3551,9249,0.147762862
9249,3551,0.147762862
3551,1141,0.032542796
1141,3551,0.032542796
3551,4132,0.093307679
4132,3551,0.093307679
3551,9121,0.105245395
9121,3551,0.105245395
3551,7129,0.054880339
7129,3551,0.054880339
3551,9235,0.072195319
9235,3551,0.072195319
3551,5419,0.101432226
5419,3551,0.101432226
3551,3416,0.066868549
3416,3551,0.066868549
3551,6124,0.064660449
6124,3551,0.064660449
3551,3414,0.163626711
3414,3551,0.163626711
3551,3415,0.0914364
3415,3551,0.0914364
3551,3412,0.065147544
3412,3551,0.065147544
3551,3413,0.125239461
3413,3551,0.125239461
3551,3411,0.060367045
3411,3551,0.060367045
3551,5213,0.119058716
5213,3551,0.119058716
3551,2323,0.064299737
2323,3551,0.064299737
3551,2322,0.066193292
2322,3551,0.066193292
3551,2321,0.029657908
2321,3551,0.029657908
3551,3552,0.034463621
3552,3551,0.034463621
3551,3551,0
3122,9249,0.201306919
9249,3122,0.201306919
3122,1141,0.067086594
1141,3122,0.067086594
3122,4132,0.079805736
4132,3122,0.079805736
3122,9121,0.201331238
9121,3122,0.201331238
3122,7129,0.097171932
7129,3122,0.097171932
3122,9235,0.142337487
9235,3122,0.142337487
3122,5419,0.112306653
5419,3122,0.112306653
3122,3416,0.054750666
3416,3122,0.054750666
3122,6124,0.071120403
6124,3122,0.071120403
3122,3414,0.211778381
3414,3122,0.211778381
3122,3415,0.105362765
3415,3122,0.105362765
3122,3412,0.069858374
3412,3122,0.069858374
3122,3413,0.153187967
3413,3122,0.153187967
3122,3411,0.084204461
3411,3122,0.084204461
3122,5213,0.17418143
5213,3122,0.17418143
3122,2323,0.073470543
2323,3122,0.073470543
3122,2322,0.093529059
2322,3122,0.093529059
3122,2321,0.053267021
2321,3122,0.053267021
3122,3552,0.117678689
3552,3122,0.117678689
3122,3551,0.065080755
3551,3122,0.065080755
3122,3122,0
3123,9249,0.143833545
9249,3123,0.143833545
3123,1141,0.070534054
1141,3123,0.070534054
3123,4132,0.118260484
4132,3123,0.118260484
3123,9121,0.073197568
9121,3123,0.073197568
3123,7129,0.083766637
7129,3123,0.083766637
3123,9235,0.060497435
9235,3123,0.060497435
3123,5419,0.105749963
5419,3123,0.105749963
3123,3416,0.095537087
3416,3123,0.095537087
3123,6124,0.099798452
6124,3123,0.099798452
3123,3414,0.173896351
3414,3123,0.173896351
3123,3415,0.121812498
3415,3123,0.121812498
3123,3412,0.096802448
3412,3123,0.096802448
3123,3413,0.149048325
3413,3123,0.149048325
3123,3411,0.07616084
3411,3123,0.07616084
3123,5213,0.080967809
5213,3123,0.080967809
3123,2323,0.114948053
2323,3123,0.114948053
3123,2322,0.123816437
2322,3123,0.123816437
3123,2321,0.06625955
2321,3123,0.06625955
3123,3552,0.054181112
3552,3123,0.054181112
3123,3551,0.029279193
3551,3123,0.029279193
3123,3122,0.091608866
3122,3123,0.091608866
3123,3123,0
2329,9249,0.145617958
9249,2329,0.145617958
2329,1141,0.039768905
1141,2329,0.039768905
2329,4132,0.045853914
4132,2329,0.045853914
2329,9121,0.217728545
9121,2329,0.217728545
2329,7129,0.047594279
7129,2329,0.047594279
2329,9235,0.153620186
9235,2329,0.153620186
2329,5419,0.141979946
5419,2329,0.141979946
2329,3416,0.051232458
3416,2329,0.051232458
2329,6124,0.042644959
6124,2329,0.042644959
2329,3414,0.185277546
3414,2329,0.185277546
2329,3415,0.072624618
3415,2329,0.072624618
2329,3412,0.027300981
3412,2329,0.027300981
2329,3413,0.115345335
3413,2329,0.115345335
2329,3411,0.101768901
3411,2329,0.101768901
2329,5213,0.22982698
5213,2329,0.22982698
2329,2323,0.023423577
2323,2329,0.023423577
2329,2322,0.022236043
2322,2329,0.022236043
2329,2321,0.045856694
2321,2329,0.045856694
2329,3552,0.101858572
3552,2329,0.101858572
2329,3551,0.053013745
3551,2329,0.053013745
2329,3122,0.064123673
3122,2329,0.064123673
2329,3123,0.09794385
3123,2329,0.09794385
2329,2329,0
4141,9249,0.138782889
9249,4141,0.138782889
4141,1141,0.084078996
1141,4141,0.084078996
4141,4132,0.033883583
4132,4141,0.033883583
4141,9121,0.225417736
9121,4141,0.225417736
4141,7129,0.075007039
7129,4141,0.075007039
4141,9235,0.149731367
9235,4141,0.149731367
4141,5419,0.147906954
5419,4141,0.147906954
4141,3416,0.083222044
3416,4141,0.083222044
4141,6124,0.076488296
6124,4141,0.076488296
4141,3414,0.211333294
3414,4141,0.211333294
4141,3415,0.093603417
3415,4141,0.093603417
4141,3412,0.048962261
3412,4141,0.048962261
4141,3413,0.118543773
3413,4141,0.118543773
4141,3411,0.121668139
3411,4141,0.121668139
4141,5213,0.232307096
5213,4141,0.232307096
4141,2323,0.08966015
2323,4141,0.08966015
4141,2322,0.111324935
2322,4141,0.111324935
4141,2321,0.096104594
2321,4141,0.096104594
4141,3552,0.15232945
3552,4141,0.15232945
4141,3551,0.11276117
3551,4141,0.11276117
4141,3122,0.089798355
3122,4141,0.089798355
4141,3123,0.13318449
3123,4141,0.13318449
4141,2329,0.074030785
2329,4141,0.074030785
4141,4141,0
8221,9249,0.190887898
9249,8221,0.190887898
8221,1141,0.190672105
1141,8221,0.190672105
8221,4132,0.250373
4132,8221,0.250373
8221,9121,0.039035475
9121,8221,0.039035475
8221,7129,0.191904889
7129,8221,0.191904889
8221,9235,0.036418935
9235,8221,0.036418935
8221,5419,0.13061441
5419,8221,0.13061441
8221,3416,0.210024427
3416,8221,0.210024427
8221,6124,0.219460062
6124,8221,0.219460062
8221,3414,0.218503089
3414,8221,0.218503089
8221,3415,0.215150954
3415,8221,0.215150954
8221,3412,0.227339631
3412,8221,0.227339631
8221,3413,0.227819016
3413,8221,0.227819016
8221,3411,0.129396268
3411,8221,0.129396268
8221,5213,0.032564566
5213,8221,0.032564566
8221,2323,0.27252237
2323,8221,0.27252237
8221,2322,0.287473866
2322,8221,0.287473866
8221,2321,0.199890199
2321,8221,0.199890199
8221,3552,0.144772667
3552,8221,0.144772667
8221,3551,0.13694935
3551,8221,0.13694935
8221,3122,0.191492958
3122,8221,0.191492958
8221,3123,0.100524707
3123,8221,0.100524707
8221,2329,0.249145717
2329,8221,0.249145717
8221,4141,0.231111484
4141,8221,0.231111484
8221,8221,0
4142,9249,0.141822597
9249,4142,0.141822597
4142,1141,0.079943278
1141,4142,0.079943278
4142,4132,0.079684887
4132,4142,0.079684887
4142,9121,0.192470641
9121,4142,0.192470641
4142,7129,0.071112636
7129,4142,0.071112636
4142,9235,0.130896958
9235,4142,0.130896958
4142,5419,0.158433354
5419,4142,0.158433354
4142,3416,0.087679212
3416,4142,0.087679212
4142,6124,0.071054817
6124,4142,0.071054817
4142,3414,0.216146392
3414,4142,0.216146392
4142,3415,0.098121046
3415,4142,0.098121046
4142,3412,0.063239395
3412,4142,0.063239395
4142,3413,0.139904066
3413,4142,0.139904066
4142,3411,0.126969
3411,4142,0.126969
4142,5213,0.209681637
5213,4142,0.209681637
4142,2323,0.112049082
2323,4142,0.112049082
4142,2322,0.106437896
2322,4142,0.106437896
4142,2321,0.090407577
2321,4142,0.090407577
4142,3552,0.124414348
3552,4142,0.124414348
4142,3551,0.093997447
3551,4142,0.093997447
4142,3122,0.095882476
3122,4142,0.095882476
4142,3123,0.112156363
3123,4142,0.112156363
4142,2329,0.072149368
2329,4142,0.072149368
4142,4141,0.059908965
4141,4142,0.059908965
4142,8221,0.202588857
8221,4142,0.202588857
4142,4142,0
8139,9249,0.16604099
9249,8139,0.16604099
8139,1141,0.133882083
1141,8139,0.133882083
8139,4132,0.192339288
4132,8139,0.192339288
8139,9121,0.04326973
9121,8139,0.04326973
8139,7129,0.136931719
7129,8139,0.136931719
8139,9235,0.032461577
9235,8139,0.032461577
8139,5419,0.084588516
5419,8139,0.084588516
8139,3416,0.146710322
3416,8139,0.146710322
8139,6124,0.15313325
6124,8139,0.15313325
8139,3414,0.170659588
3414,8139,0.170659588
8139,3415,0.15185967
3415,8139,0.15185967
8139,3412,0.161217966
3412,8139,0.161217966
8139,3413,0.169607926
3413,8139,0.169607926
8139,3411,0.075187556
3411,8139,0.075187556
8139,5213,0.025749592
5213,8139,0.025749592
8139,2323,0.208119088
2323,8139,0.208119088
8139,2322,0.215944279
2322,8139,0.215944279
8139,2321,0.143555288
2321,8139,0.143555288
8139,3552,0.117785605
3552,8139,0.117785605
8139,3551,0.100118207
3551,8139,0.100118207
8139,3122,0.136748189
3122,8139,0.136748189
8139,3123,0.080629797
3123,8139,0.080629797
8139,2329,0.186622962
2329,8139,0.186622962
8139,4141,0.177949488
4141,8139,0.177949488
8139,8221,0.030003014
8221,8139,0.030003014
8139,4142,0.157452442
4142,8139,0.157452442
8139,8139,0
6221,9249,0.132663178
9249,6221,0.132663178
6221,1141,0.111377626
1141,6221,0.111377626
6221,4132,0.121886614
4132,6221,0.121886614
6221,9121,0.130477275
9121,6221,0.130477275
6221,7129,0.080035595
7129,6221,0.080035595
6221,9235,0.092179785
9235,6221,0.092179785
6221,5419,0.099032647
5419,6221,0.099032647
6221,3416,0.123522211
3416,6221,0.123522211
6221,6124,0.112632298
6124,6221,0.112632298
6221,3414,0.139678423
3414,6221,0.139678423
6221,3415,0.109411755
3415,6221,0.109411755
6221,3412,0.101878326
3412,6221,0.101878326
6221,3413,0.095636145
3413,6221,0.095636145
6221,3411,0.076938096
3411,6221,0.076938096
6221,5213,0.143185817
5213,6221,0.143185817
6221,2323,0.161902974
2323,6221,0.161902974
6221,2322,0.172771806
2322,6221,0.172771806
6221,2321,0.136679107
2321,6221,0.136679107
6221,3552,0.141010763
3552,6221,0.141010763
6221,3551,0.111872841
3551,6221,0.111872841
6221,3122,0.136890244
3122,6221,0.136890244
6221,3123,0.116695056
3123,6221,0.116695056
6221,2329,0.142357429
2329,6221,0.142357429
6221,4141,0.099493535
4141,6221,0.099493535
6221,8221,0.154135082
8221,6221,0.154135082
6221,4142,0.123080859
4142,6221,0.123080859
6221,8139,0.087896808
8139,6221,0.087896808
6221,6221,0
8149,9249,0.183602882
9249,8149,0.183602882
8149,1141,0.124194882
1141,8149,0.124194882
8149,4132,0.198170746
4132,8149,0.198170746
8149,9121,0.043693794
9121,8149,0.043693794
8149,7129,0.144882627
7129,8149,0.144882627
8149,9235,0.051935929
9235,8149,0.051935929
8149,5419,0.12505273
5419,8149,0.12505273
8149,3416,0.153243133
3416,8149,0.153243133
8149,6124,0.15742882
6124,8149,0.15742882
8149,3414,0.212443539
3414,8149,0.212443539
8149,3415,0.178357823
3415,8149,0.178357823
8149,3412,0.172601733
3412,8149,0.172601733
8149,3413,0.207811204
3413,8149,0.207811204
8149,3411,0.097894257
3411,8149,0.097894257
8149,5213,0.046261149
5213,8149,0.046261149
8149,2323,0.206138349
2323,8149,0.206138349
8149,2322,0.203187239
2322,8149,0.203187239
8149,2321,0.124123345
2321,8149,0.124123345
8149,3552,0.099294518
3552,8149,0.099294518
8149,3551,0.082312548
3551,8149,0.082312548
8149,3122,0.148992136
3122,8149,0.148992136
8149,3123,0.055329836
3123,8149,0.055329836
8149,2329,0.177276674
2329,8149,0.177276674
8149,4141,0.200917448
4141,8149,0.200917448
8149,8221,0.052639058
8221,8149,0.052639058
8149,4142,0.142084102
4142,8149,0.142084102
8149,8139,0.041314713
8139,8149,0.041314713
8149,6221,0.142907397
6221,8149,0.142907397
8149,8149,0
4134,9249,0.127459425
9249,4134,0.127459425
4134,1141,0.027817186
1141,4134,0.027817186
4134,4132,0.046315306
4132,4134,0.046315306
4134,9121,0.142264879
9121,4134,0.142264879
4134,7129,0.038519896
7129,4134,0.038519896
4134,9235,0.083197244
9235,4134,0.083197244
4134,5419,0.097466673
5419,4134,0.097466673
4134,3416,0.043467031
3416,4134,0.043467031
4134,6124,0.054642065
6124,4134,0.054642065
4134,3414,0.166711939
3414,4134,0.166711939
4134,3415,0.07260862
3415,4134,0.07260862
4134,3412,0.038186203
3412,4134,0.038186203
4134,3413,0.109465758
3413,4134,0.109465758
4134,3411,0.065681465
3411,4134,0.065681465
4134,5213,0.147877717
5213,4134,0.147877717
4134,2323,0.037073052
2323,4134,0.037073052
4134,2322,0.062930734
2322,4134,0.062930734
4134,2321,0.040452871
2321,4134,0.040452871
4134,3552,0.075457579
3552,4134,0.075457579
4134,3551,0.027682919
3551,4134,0.027682919
4134,3122,0.04847692
3122,4134,0.04847692
4134,3123,0.054715135
3123,4134,0.054715135
4134,2329,0.028862313
2329,4134,0.028862313
4134,4141,0.065140738
4141,4134,0.065140738
4134,8221,0.161235907
8221,4134,0.161235907
4134,4142,0.066676469
4142,4134,0.066676469
4134,8139,0.118739636
8139,4134,0.118739636
4134,6221,0.106871739
6221,4134,0.106871739
4134,8149,0.117650682
8149,4134,0.117650682
4134,4134,0
8222,9249,0.160917841
9249,8222,0.160917841
8222,1141,0.180115412
1141,8222,0.180115412
8222,4132,0.226192546
4132,8222,0.226192546
8222,9121,0.045091473
9121,8222,0.045091473
8222,7129,0.167094436
7129,8222,0.167094436
8222,9235,0.030493888
9235,8222,0.030493888
8222,5419,0.132962705
5419,8222,0.132962705
8222,3416,0.205998747
3416,8222,0.205998747
8222,6124,0.204282171
6124,8222,0.204282171
8222,3414,0.21593916
3414,8222,0.21593916
8222,3415,0.202217953
3415,8222,0.202217953
8222,3412,0.208507187
3412,8222,0.208507187
8222,3413,0.213740775
3413,8222,0.213740775
8222,3411,0.131395939
3411,8222,0.131395939
8222,5213,0.052984581
5213,8222,0.052984581
8222,2323,0.25125463
2323,8222,0.25125463
8222,2322,0.260996532
2322,8222,0.260996532
8222,2321,0.191483265
2321,8222,0.191483265
8222,3552,0.126553666
3552,8222,0.126553666
8222,3551,0.126717332
3551,8222,0.126717332
8222,3122,0.196689086
3122,8222,0.196689086
8222,3123,0.109732291
3123,8222,0.109732291
8222,2329,0.222428946
2329,8222,0.222428946
8222,4141,0.203962724
4141,8222,0.203962724
8222,8221,0.026427989
8221,8222,0.026427989
8222,4142,0.176190538
4142,8222,0.176190538
8222,8139,0.04445837
8139,8222,0.04445837
8222,6221,0.141678705
6221,8222,0.141678705
8222,8149,0.0710801
8149,8222,0.0710801
8222,4134,0.140974946
4134,8222,0.140974946
8222,8222,0
8141,9249,0.188471825
9249,8141,0.188471825
8141,1141,0.198546904
1141,8141,0.198546904
8141,4132,0.261617171
4132,8141,0.261617171
8141,9121,0.035020171
9121,8141,0.035020171
8141,7129,0.188356852
7129,8141,0.188356852
8141,9235,0.049764044
9235,8141,0.049764044
8141,5419,0.148272996
5419,8141,0.148272996
8141,3416,0.213849605
3416,8141,0.213849605
8141,6124,0.235613489
6124,8141,0.235613489
8141,3414,0.211458792
3414,8141,0.211458792
8141,3415,0.20888632
3415,8141,0.20888632
8141,3412,0.222625876
3412,8141,0.222625876
8141,3413,0.213697589
3413,8141,0.213697589
8141,3411,0.134382606
3411,8141,0.134382606
8141,5213,0.051614816
5213,8141,0.051614816
8141,2323,0.27660304
2323,8141,0.27660304
8141,2322,0.283226914
2322,8141,0.283226914
8141,2321,0.211530293
2321,8141,0.211530293
8141,3552,0.130191229
3552,8141,0.130191229
8141,3551,0.132815304
3551,8141,0.132815304
8141,3122,0.228893183
3122,8141,0.228893183
8141,3123,0.098657933
3123,8141,0.098657933
8141,2329,0.24927945
2329,8141,0.24927945
8141,4141,0.244643567
4141,8141,0.244643567
8141,8221,0.0544195
8221,8141,0.0544195
8141,4142,0.213101454
4142,8141,0.213101454
8141,8139,0.060694153
8139,8141,0.060694153
8141,6221,0.157406515
6221,8141,0.157406515
8141,8149,0.069931621
8149,8141,0.069931621
8141,4134,0.167778114
4134,8141,0.167778114
8141,8222,0.068252047
8222,8141,0.068252047
8141,8141,0
8229,9249,0.189196445
9249,8229,0.189196445
8229,1141,0.19358217
1141,8229,0.19358217
8229,4132,0.2640564
4132,8229,0.2640564
8229,9121,0.031825266
9121,8229,0.031825266
8229,7129,0.197595086
7129,8229,0.197595086
8229,9235,0.035905197
9235,8229,0.035905197
8229,5419,0.134894108
5419,8229,0.134894108
8229,3416,0.218959657
3416,8229,0.218959657
8229,6124,0.223154073
6124,8229,0.223154073
8229,3414,0.221509921
3414,8229,0.221509921
8229,3415,0.217020855
3415,8229,0.217020855
8229,3412,0.23068232
3412,8229,0.23068232
8229,3413,0.232658381
3413,8229,0.232658381
8229,3411,0.133046911
3411,8229,0.133046911
8229,5213,0.027537475
5213,8229,0.027537475
8229,2323,0.279413315
2323,8229,0.279413315
8229,2322,0.288029767
2322,8229,0.288029767
8229,2321,0.205970301
2321,8229,0.205970301
8229,3552,0.137089641
3552,8229,0.137089641
8229,3551,0.135386999
3551,8229,0.135386999
8229,3122,0.204502502
3122,8229,0.204502502
8229,3123,0.102151608
3123,8229,0.102151608
8229,2329,0.253254481
2329,8229,0.253254481
8229,4141,0.242982208
4141,8229,0.242982208
8229,8221,0.012327357
8221,8229,0.012327357
8229,4142,0.205735966
4142,8229,0.205735966
8229,8139,0.028906048
8139,8229,0.028906048
8229,6221,0.155660212
6221,8229,0.155660212
8229,8149,0.052776592
8149,8229,0.052776592
8229,4134,0.168841603
4134,8229,0.168841603
8229,8222,0.026555194
8222,8229,0.026555194
8229,8141,0.045269963
8141,8229,0.045269963
8229,8229,0
8143,9249,0.18613147
9249,8143,0.18613147
8143,1141,0.195959771
1141,8143,0.195959771
8143,4132,0.270261631
4132,8143,0.270261631
8143,9121,0.019016687
9121,8143,0.019016687
8143,7129,0.192280809
7129,8143,0.192280809
8143,9235,0.03907625
9235,8143,0.03907625
8143,5419,0.143150866
5419,8143,0.143150866
8143,3416,0.220143881
3416,8143,0.220143881
8143,6124,0.228194484
6124,8143,0.228194484
8143,3414,0.211436599
3414,8143,0.211436599
8143,3415,0.219263507
3415,8143,0.219263507
8143,3412,0.238720008
3412,8143,0.238720008
8143,3413,0.234047637
3413,8143,0.234047637
8143,3411,0.130436203
3411,8143,0.130436203
8143,5213,0.025965217
5213,8143,0.025965217
8143,2323,0.278684129
2323,8143,0.278684129
8143,2322,0.288938083
2322,8143,0.288938083
8143,2321,0.203682018
2321,8143,0.203682018
8143,3552,0.131093687
3552,8143,0.131093687
8143,3551,0.126926289
3551,8143,0.126926289
8143,3122,0.207150286
3122,8143,0.207150286
8143,3123,0.094813876
3123,8143,0.094813876
8143,2329,0.252120828
2329,8143,0.252120828
8143,4141,0.256792844
4141,8143,0.256792844
8143,8221,0.021563627
8221,8143,0.021563627
8143,4142,0.21198426
4142,8143,0.21198426
8143,8139,0.035104094
8139,8143,0.035104094
8143,6221,0.160557762
6221,8143,0.160557762
8143,8149,0.046327489
8149,8143,0.046327489
8143,4134,0.165316253
4134,8143,0.165316253
8143,8222,0.031572722
8222,8143,0.031572722
8143,8141,0.038713922
8141,8143,0.038713922
8143,8229,0.012738946
8229,8143,0.012738946
8143,8143,0
8142,9249,0.148989923
9249,8142,0.148989923
8142,1141,0.152462639
1141,8142,0.152462639
8142,4132,0.214117071
4132,8142,0.214117071
8142,9121,0.018432516
9121,8142,0.018432516
8142,7129,0.141185248
7129,8142,0.141185248
8142,9235,0.023628929
9235,8142,0.023628929
8142,5419,0.114662395
5419,8142,0.114662395
8142,3416,0.176233059
3416,8142,0.176233059
8142,6124,0.17655731
6124,8142,0.17655731
8142,3414,0.17809645
3414,8142,0.17809645
8142,3415,0.172853706
3415,8142,0.172853706
8142,3412,0.186019023
3412,8142,0.186019023
8142,3413,0.180994041
3413,8142,0.180994041
8142,3411,0.098149952
3411,8142,0.098149952
8142,5213,0.029341162
5213,8142,0.029341162
8142,2323,0.229964884
2323,8142,0.229964884
8142,2322,0.239023941
2322,8142,0.239023941
8142,2321,0.165355918
2321,8142,0.165355918
8142,3552,0.101395121
3552,8142,0.101395121
8142,3551,0.094779372
3551,8142,0.094779372
8142,3122,0.169675533
3122,8142,0.169675533
8142,3123,0.071220543
3123,8142,0.071220543
8142,2329,0.204275767
2329,8142,0.204275767
8142,4141,0.195661044
4141,8142,0.195661044
8142,8221,0.02208439
8221,8142,0.02208439
8142,4142,0.163180498
4142,8142,0.163180498
8142,8139,0.026136005
8139,8142,0.026136005
8142,6221,0.111032792
6221,8142,0.111032792
8142,8149,0.0449048
8149,8142,0.0449048
8142,4134,0.124575452
4134,8142,0.124575452
8142,8222,0.025933109
8222,8142,0.025933109
8142,8141,0.044933188
8141,8142,0.044933188
8142,8229,0.017365135
8229,8142,0.017365135
8142,8143,0.013263321
8143,8142,0.013263321
8142,8142,0
9132,9249,0.14895532
9249,9132,0.14895532
9132,1141,0.157245772
1141,9132,0.157245772
9132,4132,0.214771956
4132,9132,0.214771956
9132,9121,0.019255885
9121,9132,0.019255885
9132,7129,0.151760804
7129,9132,0.151760804
9132,9235,0.020441856
9235,9132,0.020441856
9132,5419,0.119175971
5419,9132,0.119175971
9132,3416,0.186439098
3416,9132,0.186439098
9132,6124,0.193700335
6124,9132,0.193700335
9132,3414,0.191215451
3414,9132,0.191215451
9132,3415,0.191878324
3415,9132,0.191878324
9132,3412,0.194887166
3412,9132,0.194887166
9132,3413,0.192019237
3413,9132,0.192019237
9132,3411,0.102590751
3411,9132,0.102590751
9132,5213,0.03674641
5213,9132,0.03674641
9132,2323,0.241344365
2323,9132,0.241344365
9132,2322,0.251018059
2322,9132,0.251018059
9132,2321,0.175759656
2321,9132,0.175759656
9132,3552,0.110392532
3552,9132,0.110392532
9132,3551,0.105762227
3551,9132,0.105762227
9132,3122,0.185068835
3122,9132,0.185068835
9132,3123,0.086966166
3123,9132,0.086966166
9132,2329,0.212528076
2329,9132,0.212528076
9132,4141,0.201859145
4141,9132,0.201859145
9132,8221,0.027997371
8221,9132,0.027997371
9132,4142,0.174183814
4142,9132,0.174183814
9132,8139,0.029811714
8139,9132,0.029811714
9132,6221,0.11363219
6221,9132,0.11363219
9132,8149,0.046487555
8149,9132,0.046487555
9132,4134,0.132574891
4134,9132,0.132574891
9132,8222,0.024038844
8222,9132,0.024038844
9132,8141,0.040816096
8141,9132,0.040816096
9132,8229,0.023766076
8229,9132,0.023766076
9132,8143,0.017640447
8143,9132,0.017640447
9132,8142,0.016946845
8142,9132,0.016946845
9132,9132,0
1152,9249,0.150342002
9249,1152,0.150342002
1152,1141,0.032295511
1141,1152,0.032295511
1152,4132,0.038716804
4132,1152,0.038716804
1152,9121,0.196695269
9121,1152,0.196695269
1152,7129,0.052147608
7129,1152,0.052147608
1152,9235,0.117382485
9235,1152,0.117382485
1152,5419,0.09609676
5419,1152,0.09609676
1152,3416,0.025376696
3416,1152,0.025376696
1152,6124,0.064255961
6124,1152,0.064255961
1152,3414,0.181422191
3414,1152,0.181422191
1152,3415,0.059905985
3415,1152,0.059905985
1152,3412,0.028741844
3412,1152,0.028741844
1152,3413,0.108708775
3413,1152,0.108708775
1152,3411,0.06992491
3411,1152,0.06992491
1152,5213,0.194704496
5213,1152,0.194704496
1152,2323,0.034649225
2323,1152,0.034649225
1152,2322,0.065973003
2322,1152,0.065973003
1152,2321,0.053105386
2321,1152,0.053105386
1152,3552,0.105816267
3552,1152,0.105816267
1152,3551,0.054717769
3551,1152,0.054717769
1152,3122,0.060896734
3122,1152,0.060896734
1152,3123,0.086176813
3123,1152,0.086176813
1152,2329,0.031682851
2329,1152,0.031682851
1152,4141,0.057940983
4141,1152,0.057940983
1152,8221,0.208717891
8221,1152,0.208717891
1152,4142,0.072147322
4142,1152,0.072147322
1152,8139,0.15121859
8139,1152,0.15121859
1152,6221,0.116564126
6221,1152,0.116564126
1152,8149,0.151868379
8149,1152,0.151868379
1152,4134,0.023120068
4134,1152,0.023120068
1152,8222,0.193493269
8222,1152,0.193493269
1152,8141,0.211040631
8141,1152,0.211040631
1152,8229,0.217688101
8229,1152,0.217688101
1152,8143,0.223776724
8143,1152,0.223776724
1152,8142,0.176000309
8142,1152,0.176000309
1152,9132,0.180087002
9132,1152,0.180087002
1152,1152,0
3131,9249,0.16041995
9249,3131,0.16041995
3131,1141,0.034606231
1141,3131,0.034606231
3131,4132,0.051414213
4132,3131,0.051414213
3131,9121,0.169177656
9121,3131,0.169177656
3131,7129,0.060630574
7129,3131,0.060630574
3131,9235,0.110837434
9235,3131,0.110837434
3131,5419,0.095816155
5419,3131,0.095816155
3131,3416,0.038177018
3416,3131,0.038177018
3131,6124,0.047495645
6124,3131,0.047495645
3131,3414,0.187997622
3414,3131,0.187997622
3131,3415,0.077966131
3415,3131,0.077966131
3131,3412,0.044266216
3412,3131,0.044266216
3131,3413,0.130027574
3413,3131,0.130027574
3131,3411,0.063359849
3411,3131,0.063359849
3131,5213,0.148369506
5213,3131,0.148369506
3131,2323,0.054077238
2323,3131,0.054077238
3131,2322,0.067455545
2322,3131,0.067455545
3131,2321,0.03423955
2321,3131,0.03423955
3131,3552,0.08796072
3552,3131,0.08796072
3131,3551,0.042795767
3551,3131,0.042795767
3131,3122,0.036427138
3122,3131,0.036427138
3131,3123,0.059795012
3123,3131,0.059795012
3131,2329,0.043073836
2329,3131,0.043073836
3131,4141,0.071977847
4141,3131,0.071977847
3131,8221,0.17216815
8221,3131,0.17216815
3131,4142,0.066219593
4142,3131,0.066219593
3131,8139,0.114356575
8139,3131,0.114356575
3131,6221,0.116778753
6221,3131,0.116778753
3131,8149,0.102304126
8149,3131,0.102304126
3131,4134,0.027655469
4134,3131,0.027655469
3131,8222,0.170918922
8222,3131,0.170918922
3131,8141,0.188300691
8141,3131,0.188300691
3131,8229,0.181936496
8229,3131,0.181936496
3131,8143,0.185476823
8143,3131,0.185476823
3131,8142,0.145541371
8142,3131,0.145541371
3131,9132,0.155564462
9132,3131,0.155564462
3131,1152,0.027931222
1152,3131,0.027931222
3131,3131,0
3132,9249,0.165536681
9249,3132,0.165536681
3132,1141,0.082808287
1141,3132,0.082808287
3132,4132,0.097945992
4132,3132,0.097945992
3132,9121,0.140890036
9121,3132,0.140890036
3132,7129,0.097368819
7129,3132,0.097368819
3132,9235,0.098011965
9235,3132,0.098011965
3132,5419,0.113488175
5419,3132,0.113488175
3132,3416,0.077178091
3416,3132,0.077178091
3132,6124,0.094024844
6124,3132,0.094024844
3132,3414,0.204902911
3414,3132,0.204902911
3132,3415,0.117790806
3415,3132,0.117790806
3132,3412,0.088842628
3412,3132,0.088842628
3132,3413,0.155722234
3413,3132,0.155722234
3132,3411,0.083593697
3411,3132,0.083593697
3132,5213,0.115671362
5213,3132,0.115671362
3132,2323,0.11918064
2323,3132,0.11918064
3132,2322,0.135819854
2322,3132,0.135819854
3132,2321,0.084731055
2321,3132,0.084731055
3132,3552,0.118594647
3552,3132,0.118594647
3132,3551,0.086743695
3551,3132,0.086743695
3132,3122,0.081606011
3122,3132,0.081606011
3132,3123,0.080474509
3123,3132,0.080474509
3132,2329,0.104385224
2329,3132,0.104385224
3132,4141,0.099453041
4141,3132,0.099453041
3132,8221,0.131825805
8221,3132,0.131825805
3132,4142,0.080172531
4142,3132,0.080172531
3132,8139,0.083711344
8139,3132,0.083711344
3132,6221,0.117843913
6221,3132,0.117843913
3132,8149,0.072361557
8149,3132,0.072361557
3132,4134,0.072386346
4134,3132,0.072386346
3132,8222,0.140232637
8222,3132,0.140232637
3132,8141,0.157160311
8141,3132,0.157160311
3132,8229,0.143361408
8229,3132,0.143361408
3132,8143,0.150210675
8143,3132,0.150210675
3132,8142,0.120721865
8142,3132,0.120721865
3132,9132,0.121142048
9132,3132,0.121142048
3132,1152,0.068757668
1152,3132,0.068757668
3132,3131,0.033587197
3131,3132,0.033587197
3132,3132,0
8125,9249,0.17994454
9249,8125,0.17994454
8125,1141,0.07835309
1141,8125,0.07835309
8125,4132,0.145061122
4132,8125,0.145061122
8125,9121,0.060050059
9121,8125,0.060050059
8125,7129,0.111258937
7129,8125,0.111258937
8125,9235,0.044479683
9235,8125,0.044479683
8125,5419,0.08262512
5419,8125,0.08262512
8125,3416,0.101435391
3416,8125,0.101435391
8125,6124,0.116070339
6124,8125,0.116070339
8125,3414,0.19928969
3414,8125,0.19928969
8125,3415,0.132535439
3415,8125,0.132535439
8125,3412,0.120544292
3412,8125,0.120544292
8125,3413,0.179118155
3413,8125,0.179118155
8125,3411,0.062996148
3411,8125,0.062996148
8125,5213,0.047141663
5213,8125,0.047141663
8125,2323,0.136012318
2323,8125,0.136012318
8125,2322,0.151140413
2322,8125,0.151140413
8125,2321,0.072063143
2321,8125,0.072063143
8125,3552,0.070438717
3552,8125,0.070438717
8125,3551,0.044540617
3551,8125,0.044540617
8125,3122,0.093294364
3122,8125,0.093294364
8125,3123,0.035438996
3123,8125,0.035438996
8125,2329,0.124553558
2329,8125,0.124553558
8125,4141,0.154704016
4141,8125,0.154704016
8125,8221,0.06155635
8221,8125,0.06155635
8125,4142,0.120140013
4142,8125,0.120140013
8125,8139,0.033922044
8139,8125,0.033922044
8125,6221,0.120022136
6221,8125,0.120022136
8125,8149,0.022011098
8149,8125,0.022011098
8125,4134,0.069445161
4134,8125,0.069445161
8125,8222,0.077542066
8222,8125,0.077542066
8125,8141,0.078853047
8141,8125,0.078853047
8125,8229,0.062978676
8229,8125,0.062978676
8125,8143,0.062323744
8143,8125,0.062323744
8125,8142,0.049264577
8142,8125,0.049264577
8125,9132,0.056689982
9132,8125,0.056689982
8125,1152,0.099516773
1152,8125,0.099516773
8125,3131,0.058350184
3131,8125,0.058350184
8125,3132,0.056238386
3132,8125,0.056238386
8125,8125,0
7124,9249,0.183294354
9249,7124,0.183294354
7124,1141,0.093189706
1141,7124,0.093189706
7124,4132,0.080065849
4132,7124,0.080065849
7124,9121,0.298945571
9121,7124,0.298945571
7124,7129,0.085038228
7129,7124,0.085038228
7124,9235,0.214768801
9235,7124,0.214768801
7124,5419,0.210044884
5419,7124,0.210044884
7124,3416,0.108651326
3416,7124,0.108651326
7124,6124,0.093968761
6124,7124,0.093968761
7124,3414,0.194297538
3414,7124,0.194297538
7124,3415,0.129368313
3415,7124,0.129368313
7124,3412,0.07370254
3412,7124,0.07370254
7124,3413,0.094040037
3413,7124,0.094040037
7124,3411,0.154715717
3411,7124,0.154715717
7124,5213,0.295153721
5213,7124,0.295153721
7124,2323,0.071451201
2323,7124,0.071451201
7124,2322,0.106211386
2322,7124,0.106211386
7124,2321,0.123803229
2321,7124,0.123803229
7124,3552,0.180338144
3552,7124,0.180338144
7124,3551,0.133396307
3551,7124,0.133396307
7124,3122,0.151019866
3122,7124,0.151019866
7124,3123,0.181715166
3123,7124,0.181715166
7124,2329,0.099218681
2329,7124,0.099218681
7124,4141,0.095732746
4141,7124,0.095732746
7124,8221,0.315036482
8221,7124,0.315036482
7124,4142,0.141469406
4142,7124,0.141469406
7124,8139,0.248584643
8139,7124,0.248584643
7124,6221,0.135372046
6221,7124,0.135372046
7124,8149,0.272842421
8149,7124,0.272842421
7124,4134,0.093610009
4134,7124,0.093610009
7124,8222,0.290854827
8222,7124,0.290854827
7124,8141,0.300347305
8141,7124,0.300347305
7124,8229,0.327302441
8229,7124,0.327302441
7124,8143,0.338176871
8143,7124,0.338176871
7124,8142,0.267642996
8142,7124,0.267642996
7124,9132,0.277761528
9132,7124,0.277761528
7124,1152,0.082710822
1152,7124,0.082710822
7124,3131,0.11532273
3131,7124,0.11532273
7124,3132,0.168643237
3132,7124,0.168643237
7124,8125,0.209837036
8125,7124,0.209837036
7124,7124,0
7125,9249,0.124719957
9249,7125,0.124719957
7125,1141,0.113237192
1141,7125,0.113237192
7125,4132,0.124017661
4132,7125,0.124017661
7125,9121,0.111952551
9121,7125,0.111952551
7125,7129,0.074647044
7129,7125,0.074647044
7125,9235,0.087120061
9235,7125,0.087120061
7125,5419,0.0942631
5419,7125,0.0942631
7125,3416,0.088069477
3416,7125,0.088069477
7125,6124,0.107920452
6124,7125,0.107920452
7125,3414,0.083914538
3414,7125,0.083914538
7125,3415,0.093909241
3415,7125,0.093909241
7125,3412,0.094930551
3412,7125,0.094930551
7125,3413,0.076483565
3413,7125,0.076483565
7125,3411,0.048347601
3411,7125,0.048347601
7125,5213,0.097723845
5213,7125,0.097723845
7125,2323,0.137251457
2323,7125,0.137251457
7125,2322,0.158905575
2322,7125,0.158905575
7125,2321,0.122919876
2321,7125,0.122919876
7125,3552,0.126771644
3552,7125,0.126771644
7125,3551,0.090203259
3551,7125,0.090203259
7125,3122,0.112570807
3122,7125,0.112570807
7125,3123,0.079228241
3123,7125,0.079228241
7125,2329,0.131987711
2329,7125,0.131987711
7125,4141,0.122992016
4141,7125,0.122992016
7125,8221,0.13128941
8221,7125,0.13128941
7125,4142,0.147544886
4142,7125,0.147544886
7125,8139,0.081986335
8139,7125,0.081986335
7125,6221,0.060064219
6221,7125,0.060064219
7125,8149,0.119175558
8149,7125,0.119175558
7125,4134,0.087398288
4134,7125,0.087398288
7125,8222,0.132110705
8222,7125,0.132110705
7125,8141,0.129386603
8141,7125,0.129386603
7125,8229,0.135396369
8229,7125,0.135396369
7125,8143,0.131222403
8143,7125,0.131222403
7125,8142,0.09661293
8142,7125,0.09661293
7125,9132,0.106786404
9132,7125,0.106786404
7125,1152,0.098873687
1152,7125,0.098873687
7125,3131,0.091176324
3131,7125,0.091176324
7125,3132,0.096795439
3132,7125,0.096795439
7125,8125,0.095552048
8125,7125,0.095552048
7125,7124,0.143032142
7124,7125,0.143032142
