SOCcode1,SOCcode2,angSep
9249,9249,0.0
4132,9249,0.14622635930709127
9249,4132,0.14622635930709127
4132,4132,0.0
7129,9249,0.08921512675047605
9249,7129,0.08921512675047605
7129,4132,0.05840242044133326
4132,7129,0.05840242044133326
7129,7129,0.0
5419,9249,0.21663579566809554
9249,5419,0.21663579566809554
5419,4132,0.1419005447745343
4132,5419,0.1419005447745343
5419,7129,0.12817742709774482
7129,5419,0.12817742709774482
5419,5419,0.0
3416,9249,0.16298796305360086
9249,3416,0.16298796305360086
3416,4132,0.0606034044037731
4132,3416,0.0606034044037731
3416,7129,0.05768380536817752
7129,3416,0.05768380536817752
3416,5419,0.08462737143400068
5419,3416,0.08462737143400068
3416,3416,0.0
3417,9249,0.14244269195258186
9249,3417,0.14244269195258186
3417,4132,0.14063290509211557
4132,3417,0.14063290509211557
3417,7129,0.10158053971576064
7129,3417,0.10158053971576064
3417,5419,0.05809299775550136
5419,3417,0.05809299775550136
3417,3416,0.0709295045223235
3416,3417,0.0709295045223235
3417,3417,0.0
3414,9249,0.15974778286662206
9249,3414,0.15974778286662206
3414,4132,0.2152908190553231
4132,3414,0.2152908190553231
3414,7129,0.1156623395891565
7129,3414,0.1156623395891565
3414,5419,0.2052854009710352
5419,3414,0.2052854009710352
3414,3416,0.15718091650551202
3416,3414,0.15718091650551202
3414,3417,0.14865682864895136
3417,3414,0.14865682864895136
3414,3414,0.0
3415,9249,0.16086312362887634
9249,3415,0.16086312362887634
3415,4132,0.09398891997897951
4132,3415,0.09398891997897951
3415,7129,0.07071185480405973
7129,3415,0.07071185480405973
3415,5419,0.10259978890909238
5419,3415,0.10259978890909238
3415,3416,0.046024710900379295
3416,3415,0.046024710900379295
3415,3417,0.0951763784489672
3417,3415,0.0951763784489672
3415,3414,0.10525350883270645
3414,3415,0.10525350883270645
3415,3415,0.0
3412,9249,0.127322537739202
9249,3412,0.127322537739202
3412,4132,0.03866199128840897
4132,3412,0.03866199128840897
3412,7129,0.04048824285814545
7129,3412,0.04048824285814545
3412,5419,0.12544664082587897
5419,3412,0.12544664082587897
3412,3416,0.028663002704592322
3416,3412,0.028663002704592322
3412,3417,0.10221566812206873
3417,3412,0.10221566812206873
3412,3414,0.14661404746742013
3414,3412,0.14661404746742013
3412,3415,0.04616934649816562
3415,3412,0.04616934649816562
3412,3412,0.0
3413,9249,0.10988459080832791
9249,3413,0.10988459080832791
3413,4132,0.09754333606309895
4132,3413,0.09754333606309895
3413,7129,0.05085334458727886
7129,3413,0.05085334458727886
3413,5419,0.1474626762449578
5419,3413,0.1474626762449578
3413,3416,0.06322233526188115
3416,3413,0.06322233526188115
3413,3417,0.09634961636819295
3417,3413,0.09634961636819295
3413,3414,0.07003644473521631
3414,3413,0.07003644473521631
3413,3415,0.05115321625569236
3415,3413,0.05115321625569236
3413,3412,0.04148739883066577
3412,3413,0.04148739883066577
3413,3413,0.0
7115,9249,0.1280424807127314
9249,7115,0.1280424807127314
7115,4132,0.09840476520697072
4132,7115,0.09840476520697072
7115,7129,0.0784880355667259
7129,7115,0.0784880355667259
7115,5419,0.0936034137416425
5419,7115,0.0936034137416425
7115,3416,0.08491710848545597
3416,7115,0.08491710848545597
7115,3417,0.04712901701499972
3417,7115,0.04712901701499972
7115,3414,0.1503257220901999
3414,7115,0.1503257220901999
7115,3415,0.11490918196090971
3415,7115,0.11490918196090971
7115,3412,0.09764282368428967
3412,7115,0.09764282368428967
7115,3413,0.09821178386401008
3413,7115,0.09821178386401008
7115,7115,0.0
3411,9249,0.17013185765037897
9249,3411,0.17013185765037897
3411,4132,0.11521538883129756
4132,3411,0.11521538883129756
3411,7129,0.0823370893892712
7129,3411,0.0823370893892712
3411,5419,0.04201767550991553
5419,3411,0.04201767550991553
3411,3416,0.041278100161701414
3416,3411,0.041278100161701414
3411,3417,0.04151471056557843
3417,3411,0.04151471056557843
3411,3414,0.12105976321816592
3414,3411,0.12105976321816592
3411,3415,0.05609859692919872
3415,3411,0.05609859692919872
3411,3412,0.07574835680679348
3412,3411,0.07574835680679348
3411,3413,0.0695493930526987
3413,3411,0.0695493930526987
3411,7115,0.0702046132171662
7115,3411,0.0702046132171662
3411,3411,0.0
6142,9249,0.0956014871841735
9249,6142,0.0956014871841735
6142,4132,0.15178289327879257
4132,6142,0.15178289327879257
6142,7129,0.08041121637619464
7129,6142,0.08041121637619464
6142,5419,0.11535444454608534
5419,6142,0.11535444454608534
6142,3416,0.12325232032328615
3416,6142,0.12325232032328615
6142,3417,0.05113947458874024
3417,6142,0.05113947458874024
6142,3414,0.148979252449437
3414,6142,0.148979252449437
6142,3415,0.1339091759102653
3415,6142,0.1339091759102653
6142,3412,0.12942332740068974
3412,6142,0.12942332740068974
6142,3413,0.11929328644986803
3413,6142,0.11929328644986803
6142,7115,0.07512322690881101
7115,6142,0.07512322690881101
6142,3411,0.09278011816764076
3411,6142,0.09278011816764076
6142,6142,0.0
6132,9249,0.1437106543473079
9249,6132,0.1437106543473079
6132,4132,0.1638371579182788
4132,6132,0.1638371579182788
6132,7129,0.103132671392837
7129,6132,0.103132671392837
6132,5419,0.10710857026224607
5419,6132,0.10710857026224607
6132,3416,0.13031710502367266
3416,6132,0.13031710502367266
6132,3417,0.04689256619459414
3417,6132,0.04689256619459414
6132,3414,0.16014276743286437
3414,6132,0.16014276743286437
6132,3415,0.14989315862376218
3415,6132,0.14989315862376218
6132,3412,0.1491373148680134
3412,6132,0.1491373148680134
6132,3413,0.1372241787737153
3413,6132,0.1372241787737153
6132,7115,0.049745466559227625
7115,6132,0.049745466559227625
6132,3411,0.08700495292675947
3411,6132,0.08700495292675947
6132,6142,0.036952089289932655
6142,6132,0.036952089289932655
6132,6132,0.0
7113,9249,0.20138743498370526
9249,7113,0.20138743498370526
7113,4132,0.09885303589945382
4132,7113,0.09885303589945382
7113,7129,0.13185435969834114
7129,7113,0.13185435969834114
7113,5419,0.25907450827768297
5419,7113,0.25907450827768297
7113,3416,0.1418321107105024
3416,7113,0.1418321107105024
7113,3417,0.2250671510552551
3417,7113,0.2250671510552551
7113,3414,0.2504109474011955
3414,7113,0.2504109474011955
7113,3415,0.16739837748852715
3415,7113,0.16739837748852715
7113,3412,0.09024944361698806
3412,7113,0.09024944361698806
7113,3413,0.10941196480077608
3413,7113,0.10941196480077608
7113,7115,0.17404331165969522
7115,7113,0.17404331165969522
7113,3411,0.19678322061244535
3411,7113,0.19678322061244535
7113,6142,0.25671787877296093
6142,7113,0.25671787877296093
7113,6132,0.2571756234784065
6132,7113,0.2571756234784065
7113,7113,0.0
3550,9249,0.14263864174717034
9249,3550,0.14263864174717034
3550,4132,0.1389552661419039
4132,3550,0.1389552661419039
3550,7129,0.09092546393791545
7129,3550,0.09092546393791545
3550,5419,0.10501955806850272
5419,3550,0.10501955806850272
3550,3416,0.09319129727835818
3416,3550,0.09319129727835818
3550,3417,0.05402586149497124
3417,3550,0.05402586149497124
3550,3414,0.17363769345391855
3414,3550,0.17363769345391855
3550,3415,0.1303092226321665
3415,3550,0.1303092226321665
3550,3412,0.11520983926608563
3412,3550,0.11520983926608563
3550,3413,0.1280503874517508
3413,3550,0.1280503874517508
3550,7115,0.07440801640044525
7115,3550,0.07440801640044525
3550,3411,0.07278657518808462
3411,3550,0.07278657518808462
3550,6142,0.03868506071116884
6142,3550,0.03868506071116884
3550,6132,0.03434429423089791
6132,3550,0.03434429423089791
3550,7113,0.23909839290631085
7113,3550,0.23909839290631085
3550,3550,0.0
3122,9249,0.20130691858376382
9249,3122,0.20130691858376382
3122,4132,0.07980573585908612
4132,3122,0.07980573585908612
3122,7129,0.09717193171152128
7129,3122,0.09717193171152128
3122,5419,0.11230665297969966
5419,3122,0.11230665297969966
3122,3416,0.047341446286627176
3416,3122,0.047341446286627176
3122,3417,0.10403496771342902
3417,3122,0.10403496771342902
3122,3414,0.21177838085208467
3414,3122,0.21177838085208467
3122,3415,0.10536276541278455
3415,3122,0.10536276541278455
3122,3412,0.06985837404510087
3412,3122,0.06985837404510087
3122,3413,0.12243204125835083
3413,3122,0.12243204125835083
3122,7115,0.10519501878890714
7115,3122,0.10519501878890714
3122,3411,0.08420446126685643
3411,3122,0.08420446126685643
3122,6142,0.15175580248740583
6142,3122,0.15175580248740583
3122,6132,0.13633937413688413
6132,3122,0.13633937413688413
3122,7113,0.18572010639715741
7113,3122,0.18572010639715741
3122,3550,0.10151238626564574
3550,3122,0.10151238626564574
3122,3122,0.0
7214,9249,0.14182259710427458
9249,7214,0.14182259710427458
7214,4132,0.07968488722022049
4132,7214,0.07968488722022049
7214,7129,0.07111263622256636
7129,7214,0.07111263622256636
7214,5419,0.1584333537430186
5419,7214,0.1584333537430186
7214,3416,0.06932323308831112
3416,7214,0.06932323308831112
7214,3417,0.10919665362063125
3417,7214,0.10919665362063125
7214,3414,0.21614639187811335
3414,7214,0.21614639187811335
7214,3415,0.09812104555833179
3415,7214,0.09812104555833179
7214,3412,0.06323939469320117
3412,7214,0.06323939469320117
7214,3413,0.10584937432348374
3413,7214,0.10584937432348374
7214,7115,0.11785601628108111
7115,7214,0.11785601628108111
7214,3411,0.12696900036767622
3411,7214,0.12696900036767622
7214,6142,0.1154093622613035
6142,7214,0.1154093622613035
7214,6132,0.14635512979645704
6132,7214,0.14635512979645704
7214,7113,0.154188960533437
7113,7214,0.154188960533437
7214,3550,0.11816266031118039
3550,7214,0.11816266031118039
7214,3122,0.09588247584051124
3122,7214,0.09588247584051124
7214,7214,0.0
8139,9249,0.16705437013174607
9249,8139,0.16705437013174607
8139,4132,0.19044403977135171
4132,8139,0.19044403977135171
8139,7129,0.13620602687137617
7129,8139,0.13620602687137617
8139,5419,0.08625135679826035
5419,8139,0.08625135679826035
8139,3416,0.12536648027001707
3416,8139,0.12536648027001707
8139,3417,0.029432862544718774
3417,8139,0.029432862544718774
8139,3414,0.17180084016716546
3414,8139,0.17180084016716546
8139,3415,0.15185825755584903
3415,8139,0.15185825755584903
8139,3412,0.15974144021513703
3412,8139,0.15974144021513703
8139,3413,0.14999386190022845
3413,8139,0.14999386190022845
8139,7115,0.05212095462484634
7115,8139,0.05212095462484634
8139,3411,0.07696307272694747
3411,8139,0.07696307272694747
8139,6142,0.058523914509856945
6142,8139,0.058523914509856945
8139,6132,0.03563216316786455
6132,8139,0.03563216316786455
8139,7113,0.28190741636089256
7113,8139,0.28190741636089256
8139,3550,0.05787125337541843
3550,8139,0.05787125337541843
8139,3122,0.1317952944248464
3122,8139,0.1317952944248464
8139,7214,0.15656759384065233
7214,8139,0.15656759384065233
8139,8139,0.0
6240,9249,0.11503326583663853
9249,6240,0.11503326583663853
6240,4132,0.11810415567923915
4132,6240,0.11810415567923915
6240,7129,0.06462717767926074
7129,6240,0.06462717767926074
6240,5419,0.08956665515615636
5419,6240,0.08956665515615636
6240,3416,0.08023931144729335
3416,6240,0.08023931144729335
6240,3417,0.05627269669661572
3417,6240,0.05627269669661572
6240,3414,0.13924984348341984
3414,6240,0.13924984348341984
6240,3415,0.1097645765931502
3415,6240,0.1097645765931502
6240,3412,0.1018387400808145
3412,6240,0.1018387400808145
6240,3413,0.10249823351571996
3413,6240,0.10249823351571996
6240,7115,0.05527989267292377
7115,6240,0.05527989267292377
6240,3411,0.06380367228585315
3411,6240,0.06380367228585315
6240,6142,0.048545555789660466
6142,6240,0.048545555789660466
6240,6132,0.0443127251116715
6132,6240,0.0443127251116715
6240,7113,0.21463317267131643
7113,6240,0.21463317267131643
6240,3550,0.04373254193826681
3550,6240,0.04373254193826681
6240,3122,0.11912163548296106
3122,6240,0.11912163548296106
6240,7214,0.12278197716025852
7214,6240,0.12278197716025852
6240,8139,0.055602855614215296
8139,6240,0.055602855614215296
6240,6240,0.0
7121,9249,0.15977057395393668
9249,7121,0.15977057395393668
7121,4132,0.03042299435555873
4132,7121,0.03042299435555873
7121,7129,0.057438902222109456
7129,7121,0.057438902222109456
7121,5419,0.1469189408038477
5419,7121,0.1469189408038477
7121,3416,0.06851597644929175
3416,7121,0.06851597644929175
7121,3417,0.1427818434392676
3417,7121,0.1427818434392676
7121,3414,0.20713535304504116
3414,7121,0.20713535304504116
7121,3415,0.09849082024162625
3415,7121,0.09849082024162625
7121,3412,0.044886824532204384
3412,7121,0.044886824532204384
7121,3413,0.09203315904503151
3413,7121,0.09203315904503151
7121,7115,0.10066706257082114
7115,7121,0.10066706257082114
7121,3411,0.12609219314832265
3411,7121,0.12609219314832265
7121,6142,0.1691790461838557
6142,7121,0.1691790461838557
7121,6132,0.16435584067707865
6132,7121,0.16435584067707865
7121,7113,0.09756824056480418
7113,7121,0.09756824056480418
7121,3550,0.14793725090758658
3550,7121,0.14793725090758658
7121,3122,0.08986575846797229
3122,7121,0.08986575846797229
7121,7214,0.09550382079085484
7214,7121,0.09550382079085484
7121,8139,0.19902783136053548
8139,7121,0.19902783136053548
7121,6240,0.12575328766560856
6240,7121,0.12575328766560856
7121,7121,0.0
8149,9249,0.18360288219171328
9249,8149,0.18360288219171328
8149,4132,0.19817074645901478
4132,8149,0.19817074645901478
8149,7129,0.1448826268076061
7129,8149,0.1448826268076061
8149,5419,0.1250527295439412
5419,8149,0.1250527295439412
8149,3416,0.1277706621937158
3416,8149,0.1277706621937158
8149,3417,0.058286910719151486
3417,8149,0.058286910719151486
8149,3414,0.21244353904906277
3414,8149,0.21244353904906277
8149,3415,0.1783578225243253
3415,8149,0.1783578225243253
8149,3412,0.17260173298556425
3412,8149,0.17260173298556425
8149,3413,0.17935115130932533
3413,8149,0.17935115130932533
8149,7115,0.08582805794832804
7115,8149,0.08582805794832804
8149,3411,0.09789425699678989
3411,8149,0.09789425699678989
8149,6142,0.06294301724407336
6142,8149,0.06294301724407336
8149,6132,0.06198928549822402
6132,8149,0.06198928549822402
8149,7113,0.3105477482093477
7113,8149,0.3105477482093477
8149,3550,0.04531099819287654
3550,8149,0.04531099819287654
8149,3122,0.14899213594754368
3122,8149,0.14899213594754368
8149,7214,0.14208410158467277
7214,8149,0.14208410158467277
8149,8139,0.0418432927684379
8139,8149,0.0418432927684379
8149,6240,0.06662632327544205
6240,8149,0.06662632327544205
8149,7121,0.21556648382581267
7121,8149,0.21556648382581267
8149,8149,0.0
4134,9249,0.11481737735857656
9249,4134,0.11481737735857656
4134,4132,0.04181989373377848
4132,4134,0.04181989373377848
4134,7129,0.035217231543872574
7129,4134,0.035217231543872574
4134,5419,0.09431370228030689
5419,4134,0.09431370228030689
4134,3416,0.03307140868619618
3416,4134,0.03307140868619618
4134,3417,0.07505527465594997
3417,4134,0.07505527465594997
4134,3414,0.16209519433816888
3414,4134,0.16209519433816888
4134,3415,0.07284994175095272
3415,4134,0.07284994175095272
4134,3412,0.03971666927918727
3412,4134,0.03971666927918727
4134,3413,0.0781582902624598
3413,4134,0.0781582902624598
4134,7115,0.05420848755878749
7115,4134,0.05420848755878749
4134,3411,0.06661973650039044
3411,4134,0.06661973650039044
4134,6142,0.08282417375470363
6142,4134,0.08282417375470363
4134,6132,0.08643685834045933
6132,4134,0.08643685834045933
4134,7113,0.13859398001241074
7113,4134,0.13859398001241074
4134,3550,0.06493892430223303
3550,4134,0.06493892430223303
4134,3122,0.05387319574008731
3122,4134,0.05387319574008731
4134,7214,0.06415952580208895
7214,4134,0.06415952580208895
4134,8139,0.10706175989032773
8139,4134,0.10706175989032773
4134,6240,0.05196132187390057
6240,4134,0.05196132187390057
4134,7121,0.0451604567231213
7121,4134,0.0451604567231213
4134,8149,0.11810369634369988
8149,4134,0.11810369634369988
4134,4134,0.0
8222,9249,0.16091784069470205
9249,8222,0.16091784069470205
8222,4132,0.2261925458330033
4132,8222,0.2261925458330033
8222,7129,0.16709443555969183
7129,8222,0.16709443555969183
8222,5419,0.1329627045800752
5419,8222,0.1329627045800752
8222,3416,0.1831502689397717
3416,8222,0.1831502689397717
8222,3417,0.054100944860955735
3417,8222,0.054100944860955735
8222,3414,0.21593916043682881
3414,8222,0.21593916043682881
8222,3415,0.2022179525635932
3415,8222,0.2022179525635932
8222,3412,0.20850718686375824
3412,8222,0.20850718686375824
8222,3413,0.18748185931067884
3413,8222,0.18748185931067884
8222,7115,0.08432343224146155
7115,8222,0.08432343224146155
8222,3411,0.13139593857339438
3411,8222,0.13139593857339438
8222,6142,0.04374117951477241
6142,8222,0.04374117951477241
8222,6132,0.039756676152445936
6132,8222,0.039756676152445936
8222,7113,0.3256394449840099
7113,8222,0.3256394449840099
8222,3550,0.06721977741574758
3550,8222,0.06721977741574758
8222,3122,0.19668908605022173
3122,8222,0.19668908605022173
8222,7214,0.17619053812103724
7214,8222,0.17619053812103724
8222,8139,0.04420170982327998
8139,8222,0.04420170982327998
8222,6240,0.08235348909987283
6240,8222,0.08235348909987283
8222,7121,0.23768100030539485
7121,8222,0.23768100030539485
8222,8149,0.07108010012752741
8149,8222,0.07108010012752741
8222,4134,0.1288561802558369
4134,8222,0.1288561802558369
8222,8222,0.0
9273,9249,0.09684381163357536
9249,9273,0.09684381163357536
9273,4132,0.13041937242510204
4132,9273,0.13041937242510204
9273,7129,0.0619183306011053
7129,9273,0.0619183306011053
9273,5419,0.15586257003673643
5419,9273,0.15586257003673643
9273,3416,0.13142092059129162
3416,9273,0.13142092059129162
9273,3417,0.11647871499758067
3417,9273,0.11647871499758067
9273,3414,0.11566757063644262
3414,9273,0.11566757063644262
9273,3415,0.12434378090681741
3415,9273,0.12434378090681741
9273,3412,0.11720861074757749
3412,9273,0.11720861074757749
9273,3413,0.09313390424292145
3413,9273,0.09313390424292145
9273,7115,0.06896202386436856
7115,9273,0.06896202386436856
9273,3411,0.11613055475139922
3411,9273,0.11613055475139922
9273,6142,0.10160061472199211
6142,9273,0.10160061472199211
9273,6132,0.09946768218577562
6132,9273,0.09946768218577562
9273,7113,0.1809910332427186
7113,9273,0.1809910332427186
9273,3550,0.12277108817454141
3550,9273,0.12277108817454141
9273,3122,0.15481147651942662
3122,9273,0.15481147651942662
9273,7214,0.1478468010170575
7214,9273,0.1478468010170575
9273,8139,0.11773935372337596
8139,9273,0.11773935372337596
9273,6240,0.0881356720614257
6240,9273,0.0881356720614257
9273,7121,0.13294137158659858
7121,9273,0.13294137158659858
9273,8149,0.16551867262176134
8149,9273,0.16551867262176134
9273,4134,0.08919806921701334
4134,9273,0.08919806921701334
9273,8222,0.1483652972880668
8222,9273,0.1483652972880668
9273,9273,0.0
9275,9249,0.1008735886817217
9249,9275,0.1008735886817217
9275,4132,0.09738481416200462
4132,9275,0.09738481416200462
9275,7129,0.07262487804688489
7129,9275,0.07262487804688489
9275,5419,0.0936046957691079
5419,9275,0.0936046957691079
9275,3416,0.10537894433944284
3416,9275,0.10537894433944284
9275,3417,0.06292049824254908
3417,9275,0.06292049824254908
9275,3414,0.15640691268417983
3414,9275,0.15640691268417983
9275,3415,0.11714736394314962
3415,9275,0.11714736394314962
9275,3412,0.10140723983801081
3412,9275,0.10140723983801081
9275,3413,0.09638964001538453
3413,9275,0.09638964001538453
9275,7115,0.054833904786315446
7115,9275,0.054833904786315446
9275,3411,0.08328674607968878
3411,9275,0.08328674607968878
9275,6142,0.06098216701423009
6142,9275,0.06098216701423009
9275,6132,0.06824081128061577
6132,9275,0.06824081128061577
9275,7113,0.1776488778808858
7113,9275,0.1776488778808858
9275,3550,0.07469787554654761
3550,9275,0.07469787554654761
9275,3122,0.13767802495491122
3122,9275,0.13767802495491122
9275,7214,0.12088895310582193
7214,9275,0.12088895310582193
9275,8139,0.08952357591483728
8139,9275,0.08952357591483728
9275,6240,0.058426181275499034
6240,9275,0.058426181275499034
9275,7121,0.09581482267718733
7121,9275,0.09581482267718733
9275,8149,0.11733610392864413
8149,9275,0.11733610392864413
9275,4134,0.0661808249794188
4134,9275,0.0661808249794188
9275,8222,0.09521099734638294
8222,9275,0.09521099734638294
9275,9273,0.07758219225926144
9273,9275,0.07758219225926144
9275,9275,0.0
2462,9249,0.1393335441615382
9249,2462,0.1393335441615382
2462,4132,0.050773019458111746
4132,2462,0.050773019458111746
2462,7129,0.0431032880091653
7129,2462,0.0431032880091653
2462,5419,0.13175521818175207
5419,2462,0.13175521818175207
2462,3416,0.04503735318302704
3416,2462,0.04503735318302704
2462,3417,0.11405449702563242
3417,2462,0.11405449702563242
2462,3414,0.18080498106686904
3414,2462,0.18080498106686904
2462,3415,0.08690031394437192
3415,2462,0.08690031394437192
2462,3412,0.04049445838949817
3412,2462,0.04049445838949817
2462,3413,0.09451545540741801
3413,2462,0.09451545540741801
2462,7115,0.09676443370736176
7115,2462,0.09676443370736176
2462,3411,0.0905790883253974
3411,2462,0.0905790883253974
2462,6142,0.10851786157523724
6142,2462,0.10851786157523724
2462,6132,0.11416454818456734
6132,2462,0.11416454818456734
2462,7113,0.14609096427538848
7113,2462,0.14609096427538848
2462,3550,0.07819392856004859
3550,2462,0.07819392856004859
2462,3122,0.06477442643213571
3122,2462,0.06477442643213571
2462,7214,0.0801458190646307
7214,2462,0.0801458190646307
2462,8139,0.13905119070911254
8139,2462,0.13905119070911254
2462,6240,0.06870194597417034
6240,2462,0.06870194597417034
2462,7121,0.05753009116169738
7121,2462,0.05753009116169738
2462,8149,0.13166029503931043
8149,2462,0.13166029503931043
2462,4134,0.03141798029570886
4134,2462,0.03141798029570886
2462,8222,0.18859140837685862
8222,2462,0.18859140837685862
2462,9273,0.12738740998467235
9273,2462,0.12738740998467235
2462,9275,0.10559763068162853
9275,2462,0.10559763068162853
2462,2462,0.0
2463,9249,0.13730063050534846
9249,2463,0.13730063050534846
2463,4132,0.10364387769368888
4132,2463,0.10364387769368888
2463,7129,0.068927897212122
7129,2463,0.068927897212122
2463,5419,0.10881384131580008
5419,2463,0.10881384131580008
2463,3416,0.06793596849028549
3416,2463,0.06793596849028549
2463,3417,0.0647411258557824
3417,2463,0.0647411258557824
2463,3414,0.1802527566677805
3414,2463,0.1802527566677805
2463,3415,0.11131287286709124
3415,2463,0.11131287286709124
2463,3412,0.07879721348137336
3412,2463,0.07879721348137336
2463,3413,0.11536708315442079
3413,2463,0.11536708315442079
2463,7115,0.0848894576142486
7115,2463,0.0848894576142486
2463,3411,0.07599211068349743
3411,2463,0.07599211068349743
2463,6142,0.05326892497040581
6142,2463,0.05326892497040581
2463,6132,0.06106514906330074
6132,2463,0.06106514906330074
2463,7113,0.21044157255579754
7113,2463,0.21044157255579754
2463,3550,0.022571038537747334
3550,2463,0.022571038537747334
2463,3122,0.07158824397750485
3122,2463,0.07158824397750485
2463,7214,0.08608439401525692
7214,2463,0.08608439401525692
2463,8139,0.08163364841856624
8139,2463,0.08163364841856624
2463,6240,0.059025013626712974
6240,2463,0.059025013626712974
2463,7121,0.11345334574434807
7121,2463,0.11345334574434807
2463,8149,0.06762441177421008
8149,2463,0.06762441177421008
2463,4134,0.048917413136476684
4134,2463,0.048917413136476684
2463,8222,0.10572948062393983
8222,2463,0.10572948062393983
2463,9273,0.12349422827568757
9273,2463,0.12349422827568757
2463,9275,0.08711709932690126
9275,2463,0.08711709932690126
2463,2462,0.04531357215644005
2462,2463,0.04531357215644005
2463,2463,0.0
8141,9249,0.1884718254774992
9249,8141,0.1884718254774992
8141,4132,0.2616171714276956
4132,8141,0.2616171714276956
8141,7129,0.18835685155724413
7129,8141,0.18835685155724413
8141,5419,0.14827299592902887
5419,8141,0.14827299592902887
8141,3416,0.19021283724950488
3416,8141,0.19021283724950488
8141,3417,0.08150692129990478
3417,8141,0.08150692129990478
8141,3414,0.21145879184316407
3414,8141,0.21145879184316407
8141,3415,0.20888632031869314
3415,8141,0.20888632031869314
8141,3412,0.22262587568105952
3412,8141,0.22262587568105952
8141,3413,0.19511378341354557
3413,8141,0.19511378341354557
8141,7115,0.10774611242351095
7115,8141,0.10774611242351095
8141,3411,0.13438260580241002
3411,8141,0.13438260580241002
8141,6142,0.08166508536201389
6142,8141,0.08166508536201389
8141,6132,0.08341370763785061
6132,8141,0.08341370763785061
8141,7113,0.3267030299095003
7113,8141,0.3267030299095003
8141,3550,0.08224074585542163
3550,8141,0.08224074585542163
8141,3122,0.2288931829118993
3122,8141,0.2288931829118993
8141,7214,0.21310145428504523
7214,8141,0.21310145428504523
8141,8139,0.06291457553802349
8139,8141,0.06291457553802349
8141,6240,0.10041873865009443
6240,8141,0.10041873865009443
8141,7121,0.25828671038653916
7121,8141,0.25828671038653916
8141,8149,0.06993162051227775
8149,8141,0.06993162051227775
8141,4134,0.16170252116252626
4134,8141,0.16170252116252626
8141,8222,0.06825204681724006
8222,8141,0.06825204681724006
8141,9273,0.16166876944248598
9273,8141,0.16166876944248598
8141,9275,0.11427327867274006
9275,8141,0.11427327867274006
8141,2462,0.2079901472158897
2462,8141,0.2079901472158897
8141,2463,0.1260617457646842
2463,8141,0.1260617457646842
8141,8141,0.0
8229,9249,0.1891964452294651
9249,8229,0.1891964452294651
8229,4132,0.2640563996009385
4132,8229,0.2640563996009385
8229,7129,0.19759508576670226
7129,8229,0.19759508576670226
8229,5419,0.13489410761346565
5419,8229,0.13489410761346565
8229,3416,0.19412171641246545
3416,8229,0.19412171641246545
8229,3417,0.05221087327920515
3417,8229,0.05221087327920515
8229,3414,0.22150992097801414
3414,8229,0.22150992097801414
8229,3415,0.2170208554409111
3415,8229,0.2170208554409111
8229,3412,0.2306823204439924
3412,8229,0.2306823204439924
8229,3413,0.21001543253386457
3413,8229,0.21001543253386457
8229,7115,0.09583190964435839
7115,8229,0.09583190964435839
8229,3411,0.1330469109353658
3411,8229,0.1330469109353658
8229,6142,0.06261887834063695
6142,8229,0.06261887834063695
8229,6132,0.051954056208806776
6132,8229,0.051954056208806776
8229,7113,0.3573819570718856
7113,8229,0.3573819570718856
8229,3550,0.07355894279986941
3550,8229,0.07355894279986941
8229,3122,0.2045025022498267
3122,8229,0.2045025022498267
8229,7214,0.20573596553365392
7214,8229,0.20573596553365392
8229,8139,0.029414085127122958
8139,8229,0.029414085127122958
8229,6240,0.08976893960090304
6240,8229,0.08976893960090304
8229,7121,0.26690636601886397
7121,8229,0.26690636601886397
8229,8149,0.0527765923971637
8149,8229,0.0527765923971637
8229,4134,0.15967107166897532
4134,8229,0.15967107166897532
8229,8222,0.02655519442104659
8222,8229,0.02655519442104659
8229,9273,0.1687928008734244
9273,8229,0.1687928008734244
8229,9275,0.11316117149618132
9275,8229,0.11316117149618132
8229,2462,0.20252828697254976
2462,8229,0.20252828697254976
8229,2463,0.11264323495843243
2463,8229,0.11264323495843243
8229,8141,0.04526996292778651
8141,8229,0.04526996292778651
8229,8229,0.0
8143,9249,0.1861314700310227
9249,8143,0.1861314700310227
8143,4132,0.2702616306777481
4132,8143,0.2702616306777481
8143,7129,0.19228080876391684
7129,8143,0.19228080876391684
8143,5419,0.14315086637738372
5419,8143,0.14315086637738372
8143,3416,0.19523827423525897
3416,8143,0.19523827423525897
8143,3417,0.064172511682422
3417,8143,0.064172511682422
8143,3414,0.21143659949819715
3414,8143,0.21143659949819715
8143,3415,0.21926350707460884
3415,8143,0.21926350707460884
8143,3412,0.2387200076115813
3412,8143,0.2387200076115813
8143,3413,0.21263406991477907
3413,8143,0.21263406991477907
8143,7115,0.09891950484616363
7115,8143,0.09891950484616363
8143,3411,0.13043620293553904
3411,8143,0.13043620293553904
8143,6142,0.060243786780554975
6142,8143,0.060243786780554975
8143,6132,0.05080274440488408
6132,8143,0.05080274440488408
8143,7113,0.37908262247506763
7113,8143,0.37908262247506763
8143,3550,0.06639332913219032
3550,8143,0.06639332913219032
8143,3122,0.20715028582268147
3122,8143,0.20715028582268147
8143,7214,0.2119842599406745
7214,8143,0.2119842599406745
8143,8139,0.036040238664166946
8139,8143,0.036040238664166946
8143,6240,0.0878760600131534
6240,8143,0.0878760600131534
8143,7121,0.27394315150945636
7121,8143,0.27394315150945636
8143,8149,0.04632748928817576
8149,8143,0.04632748928817576
8143,4134,0.15830116596916677
4134,8143,0.15830116596916677
8143,8222,0.031572722158191624
8222,8143,0.031572722158191624
8143,9273,0.1632017218549956
9273,8143,0.1632017218549956
8143,9275,0.11232757669414994
9275,8143,0.11232757669414994
8143,2462,0.20528651399855236
2462,8143,0.20528651399855236
8143,2463,0.11087310037601694
2463,8143,0.11087310037601694
8143,8141,0.03871392174736965
8141,8143,0.03871392174736965
8143,8229,0.012738946487476532
8229,8143,0.012738946487476532
8143,8143,0.0
8142,9249,0.14898992289699808
9249,8142,0.14898992289699808
8142,4132,0.21411707061730922
4132,8142,0.21411707061730922
8142,7129,0.14118524844728453
7129,8142,0.14118524844728453
8142,5419,0.11466239452446814
5419,8142,0.11466239452446814
8142,3416,0.15265843055975648
3416,8142,0.15265843055975648
8142,3417,0.04353069749139904
3417,8142,0.04353069749139904
8142,3414,0.17809645022741782
3414,8142,0.17809645022741782
8142,3415,0.1728537059019185
3415,8142,0.1728537059019185
8142,3412,0.1860190234311171
3412,8142,0.1860190234311171
8142,3413,0.16059486405794277
3413,8142,0.16059486405794277
8142,7115,0.06907621351424198
7115,8142,0.06907621351424198
8142,3411,0.0981499516674621
3411,8142,0.0981499516674621
8142,6142,0.039484726469236064
6142,8142,0.039484726469236064
8142,6132,0.030700366784483624
6132,8142,0.030700366784483624
8142,7113,0.3049444541840879
7113,8142,0.3049444541840879
8142,3550,0.04791886781943844
3550,8142,0.04791886781943844
8142,3122,0.16967553263202773
3122,8142,0.16967553263202773
8142,7214,0.16318049831639259
7214,8142,0.16318049831639259
8142,8139,0.026329611753425075
8139,8142,0.026329611753425075
8142,6240,0.05644604821069421
6240,8142,0.05644604821069421
8142,7121,0.21804757140378372
7121,8142,0.21804757140378372
8142,8149,0.044904799563200704
8149,8142,0.044904799563200704
8142,4134,0.11803546878287619
4134,8142,0.11803546878287619
8142,8222,0.02593310913166469
8222,8142,0.02593310913166469
8142,9273,0.12274917076200964
9273,8142,0.12274917076200964
8142,9275,0.0842626496466733
9275,8142,0.0842626496466733
8142,2462,0.16046265272038285
2462,8142,0.16046265272038285
8142,2463,0.08213249222933361
2463,8142,0.08213249222933361
8142,8141,0.044933187891589954
8141,8142,0.044933187891589954
8142,8229,0.01736513491267555
8229,8142,0.01736513491267555
8142,8143,0.013263320920529842
8143,8142,0.013263320920529842
8142,8142,0.0
9132,9249,0.14895531967763742
9249,9132,0.14895531967763742
9132,4132,0.21477195553564976
4132,9132,0.21477195553564976
9132,7129,0.1517608037941207
7129,9132,0.1517608037941207
9132,5419,0.11917597086725629
5419,9132,0.11917597086725629
9132,3416,0.162668332155536
3416,9132,0.162668332155536
9132,3417,0.04981801414671472
3417,9132,0.04981801414671472
9132,3414,0.19121545064873524
3414,9132,0.19121545064873524
9132,3415,0.19187832406753458
3415,9132,0.19187832406753458
9132,3412,0.19488716642539594
3412,9132,0.19488716642539594
9132,3413,0.16925932279907852
3413,9132,0.16925932279907852
9132,7115,0.07190530458628985
7115,9132,0.07190530458628985
9132,3411,0.1025907510743147
3411,9132,0.1025907510743147
9132,6142,0.04255532308815624
6142,9132,0.04255532308815624
9132,6132,0.03950138123252944
6132,9132,0.03950138123252944
9132,7113,0.31405322736006813
7113,9132,0.31405322736006813
9132,3550,0.0510766142083553
3550,9132,0.0510766142083553
9132,3122,0.18506883486827508
3122,9132,0.18506883486827508
9132,7214,0.17418381424372498
7214,9132,0.17418381424372498
9132,8139,0.03267209375840763
8139,9132,0.03267209375840763
9132,6240,0.05971312962786668
6240,9132,0.05971312962786668
9132,7121,0.22794057051547767
7121,9132,0.22794057051547767
9132,8149,0.04648755545098615
8149,9132,0.04648755545098615
9132,4134,0.12246157649148037
4134,9132,0.12246157649148037
9132,8222,0.024038843875582416
8222,9132,0.024038843875582416
9132,9273,0.12935406184650855
9273,9132,0.12935406184650855
9132,9275,0.07465773806753107
9275,9132,0.07465773806753107
9132,2462,0.1671924227675584
2462,9132,0.1671924227675584
9132,2463,0.09277939944022362
2463,9132,0.09277939944022362
9132,8141,0.04081609625921434
8141,9132,0.04081609625921434
9132,8229,0.023766076271774517
8229,9132,0.023766076271774517
9132,8143,0.017640447487441868
8143,9132,0.017640447487441868
9132,8142,0.016946845230107033
8142,9132,0.016946845230107033
9132,9132,0.0
8124,9249,0.16471357957896215
9249,8124,0.16471357957896215
8124,4132,0.17756682158133164
4132,8124,0.17756682158133164
8124,7129,0.1371757908580723
7129,8124,0.1371757908580723
8124,5419,0.10286864581616018
5419,8124,0.10286864581616018
8124,3416,0.12153664632316352
3416,8124,0.12153664632316352
8124,3417,0.03578763845469968
3417,8124,0.03578763845469968
8124,3414,0.20114758983148007
3414,8124,0.20114758983148007
8124,3415,0.15938054016864522
3415,8124,0.15938054016864522
8124,3412,0.15386921981061674
3412,8124,0.15386921981061674
8124,3413,0.16489660294019381
3413,8124,0.16489660294019381
8124,7115,0.06368033793763939
7115,8124,0.06368033793763939
8124,3411,0.09136229315774713
3411,8124,0.09136229315774713
8124,6142,0.05689241602480155
6142,8124,0.05689241602480155
8124,6132,0.04111975474365481
6132,8124,0.04111975474365481
8124,7113,0.282766703339561
7113,8124,0.282766703339561
8124,3550,0.04529866056401033
3550,8124,0.04529866056401033
8124,3122,0.12821538328900528
3122,8124,0.12821538328900528
8124,7214,0.13440664559979987
7214,8124,0.13440664559979987
8124,8139,0.017782171938389824
8139,8124,0.017782171938389824
8124,6240,0.060686173086674566
6240,8124,0.060686173086674566
8124,7121,0.18824136712234496
7121,8124,0.18824136712234496
8124,8149,0.025890053925010537
8149,8124,0.025890053925010537
8124,4134,0.10253940224950919
4134,8124,0.10253940224950919
8124,8222,0.05443579804624643
8222,8124,0.05443579804624643
8124,9273,0.14154506182288018
9273,8124,0.14154506182288018
8124,9275,0.08841204205875597
9275,8124,0.08841204205875597
8124,2462,0.11660926278437
2462,8124,0.11660926278437
8124,2463,0.0561591575755267
2463,8124,0.0561591575755267
8124,8141,0.07083739090699948
8141,8124,0.07083739090699948
8124,8229,0.03512617751614644
8229,8124,0.03512617751614644
8124,8143,0.044433036850900165
8143,8124,0.044433036850900165
8124,8142,0.036546732060209086
8142,8124,0.036546732060209086
8124,9132,0.039679963223264836
9132,8124,0.039679963223264836
8124,8124,0.0
3131,9249,0.1691416583638201
9249,3131,0.1691416583638201
3131,4132,0.050860722794154656
4132,3131,0.050860722794154656
3131,7129,0.06326604375111589
7129,3131,0.06326604375111589
3131,5419,0.10727030398166848
5419,3131,0.10727030398166848
3131,3416,0.025855502828862842
3416,3131,0.025855502828862842
3131,3417,0.09054838225078832
3417,3131,0.09054838225078832
3131,3414,0.19440582410846274
3414,3131,0.19440582410846274
3131,3415,0.07946581131918207
3415,3131,0.07946581131918207
3131,3412,0.04278811180951858
3412,3131,0.04278811180951858
3131,3413,0.09982918293424303
3413,3131,0.09982918293424303
3131,7115,0.09188472243677259
7115,3131,0.09188472243677259
3131,3411,0.0700653196540918
3411,3131,0.0700653196540918
3131,6142,0.12223238707224438
6142,3131,0.12223238707224438
3131,6132,0.12644786486580073
6132,3131,0.12644786486580073
3131,7113,0.15622137708015016
7113,3131,0.15622137708015016
3131,3550,0.07992514223119729
3550,3131,0.07992514223119729
3131,3122,0.03685290935557217
3122,3131,0.03685290935557217
3131,7214,0.07025720295736149
7214,3131,0.07025720295736149
3131,8139,0.12696406094647816
8139,3131,0.12696406094647816
3131,6240,0.0843645960834094
6240,3131,0.0843645960834094
3131,7121,0.06376261687317564
7121,3131,0.06376261687317564
3131,8149,0.11346175488652643
8149,3131,0.11346175488652643
3131,4134,0.036350922533917474
4134,3131,0.036350922533917474
3131,8222,0.18918746525075703
8222,3131,0.18918746525075703
3131,9273,0.14429216381135135
9273,3131,0.14429216381135135
3131,9275,0.114047235529393
9275,3131,0.114047235529393
3131,2462,0.03255660537876892
2462,3131,0.03255660537876892
3131,2463,0.05068230112139005
2463,3131,0.05068230112139005
3131,8141,0.2027771218732658
8141,3131,0.2027771218732658
3131,8229,0.2006031727255596
8229,3131,0.2006031727255596
3131,8143,0.20257145887069583
8143,3131,0.20257145887069583
3131,8142,0.16129016404878327
8142,3131,0.16129016404878327
3131,9132,0.17229490296933558
9132,3131,0.17229490296933558
3131,8124,0.11103239845999802
8124,3131,0.11103239845999802
3131,3131,0.0
5443,9249,0.1531853524218708
9249,5443,0.1531853524218708
5443,4132,0.09763500219653254
4132,5443,0.09763500219653254
5443,7129,0.06811286302344033
7129,5443,0.06811286302344033
5443,5419,0.07650977203121812
5419,5443,0.07650977203121812
5443,3416,0.061193732455839256
3416,5443,0.061193732455839256
5443,3417,0.07762235041637477
3417,5443,0.07762235041637477
5443,3414,0.11390329089910212
3414,5443,0.11390329089910212
5443,3415,0.08131730371664658
3415,5443,0.08131730371664658
5443,3412,0.07482461279721442
3412,5443,0.07482461279721442
5443,3413,0.06964902386159233
3413,5443,0.06964902386159233
5443,7115,0.06303485905261563
7115,5443,0.06303485905261563
5443,3411,0.03787779219593912
3411,5443,0.03787779219593912
5443,6142,0.1114719122085086
6142,5443,0.1114719122085086
5443,6132,0.0916470565149956
6132,5443,0.0916470565149956
5443,7113,0.15618710456198248
7113,5443,0.15618710456198248
5443,3550,0.09500455767310179
3550,5443,0.09500455767310179
5443,3122,0.09189987950772915
3122,5443,0.09189987950772915
5443,7214,0.13692264105691843
7214,5443,0.13692264105691843
5443,8139,0.09944446482087477
8139,5443,0.09944446482087477
5443,6240,0.06625402005700931
6240,5443,0.06625402005700931
5443,7121,0.106989108373724
7121,5443,0.106989108373724
5443,8149,0.13972500255392906
8149,5443,0.13972500255392906
5443,4134,0.05781203238213306
4134,5443,0.05781203238213306
5443,8222,0.1551932954906745
8222,5443,0.1551932954906745
5443,9273,0.08589517620658693
9273,5443,0.08589517620658693
5443,9275,0.0956145291831404
9275,5443,0.0956145291831404
5443,2462,0.08211461203661097
2462,5443,0.08211461203661097
5443,2463,0.09304718193522177
2463,5443,0.09304718193522177
5443,8141,0.1682551731424652
8141,5443,0.1682551731424652
5443,8229,0.1712880943039633
8229,5443,0.1712880943039633
5443,8143,0.17249277604743007
8143,5443,0.17249277604743007
5443,8142,0.12644761989428044
8142,5443,0.12644761989428044
5443,9132,0.1349792659941016
9132,5443,0.1349792659941016
5443,8124,0.12635717355574827
8124,5443,0.12635717355574827
5443,3131,0.07980682134288375
3131,5443,0.07980682134288375
5443,5443,0.0
3132,9249,0.16553668115220788
9249,3132,0.16553668115220788
3132,4132,0.0979459924215742
4132,3132,0.0979459924215742
3132,7129,0.09736881931065566
7129,3132,0.09736881931065566
3132,5419,0.11348817484753948
5419,3132,0.11348817484753948
3132,3416,0.060184793565733585
3416,3132,0.060184793565733585
3132,3417,0.06084216659154906
3417,3132,0.06084216659154906
3132,3414,0.20490291149554662
3414,3132,0.20490291149554662
3132,3415,0.11779080603791858
3415,3132,0.11779080603791858
3132,3412,0.08884262809320942
