SOCcode1,SOCcode2,angSep
9249,9249,0.0
1141,9249,0.13609893126426764
9249,1141,0.13609893126426764
1141,1141,0.0
4132,9249,0.14622635930709127
9249,4132,0.14622635930709127
4132,1141,0.05368561036367159
1141,4132,0.05368561036367159
4132,4132,0.0
9121,9249,0.1562979281500685
9249,9121,0.1562979281500685
9121,1141,0.16745270130950163
1141,9121,0.16745270130950163
9121,4132,0.23519875889608288
4132,9121,0.23519875889608288
9121,9121,0.0
7129,9249,0.08921512675047605
9249,7129,0.08921512675047605
7129,1141,0.04223883058003042
1141,7129,0.04223883058003042
7129,4132,0.05840242044133326
4132,7129,0.05840242044133326
7129,9121,0.15605665833279136
9121,7129,0.15605665833279136
7129,7129,0.0
9235,9249,0.1263787844598684
9249,9235,0.1263787844598684
9235,1141,0.10683860971380477
1141,9235,0.10683860971380477
9235,4132,0.15704071386692453
4132,9235,0.15704071386692453
9235,9121,0.032036096318102
9121,9235,0.032036096318102
9235,7129,0.10282171857093636
7129,9235,0.10282171857093636
9235,9235,0.0
5419,9249,0.21663579566809554
9249,5419,0.21663579566809554
5419,1141,0.127817307952924
1141,5419,0.127817307952924
5419,4132,0.1419005447745343
4132,5419,0.1419005447745343
5419,9121,0.13257884867274017
9121,5419,0.13257884867274017
5419,7129,0.12817742709774482
7129,5419,0.12817742709774482
5419,9235,0.08086931393558827
9235,5419,0.08086931393558827
5419,5419,0.0
3416,9249,0.1804224620851681
9249,3416,0.1804224620851681
3416,1141,0.0604923777497961
1141,3416,0.0604923777497961
3416,4132,0.06963364569662533
4132,3416,0.06963364569662533
3416,9121,0.19466080469396208
9121,3416,0.19466080469396208
3416,7129,0.06803545966740265
7129,3416,0.06803545966740265
3416,9235,0.13246768390650276
9235,3416,0.13246768390650276
3416,5419,0.08579368805296084
5419,3416,0.08579368805296084
3416,3416,0.0
6124,9249,0.12781853897356654
9249,6124,0.12781853897356654
6124,1141,0.047654699776728315
1141,6124,0.047654699776728315
6124,4132,0.06635934472778082
4132,6124,0.06635934472778082
6124,9121,0.2003145940082215
9121,6124,0.2003145940082215
6124,7129,0.03689218485768009
7129,6124,0.03689218485768009
6124,9235,0.14865688466489702
9235,6124,0.14865688466489702
6124,5419,0.15567065804722902
5419,6124,0.15567065804722902
6124,3416,0.06862257294264562
3416,6124,0.06862257294264562
6124,6124,0.0
3414,9249,0.15974778286662206
9249,3414,0.15974778286662206
3414,1141,0.17793209245659214
1141,3414,0.17793209245659214
3414,4132,0.2152908190553231
4132,3414,0.2152908190553231
3414,9121,0.19024353361447144
9121,3414,0.19024353361447144
3414,7129,0.1156623395891565
7129,3414,0.1156623395891565
3414,9235,0.18020376652479908
9235,3414,0.18020376652479908
3414,5419,0.2052854009710352
5419,3414,0.2052854009710352
3414,3416,0.15785501948716996
3416,3414,0.15785501948716996
3414,6124,0.13010878110465118
6124,3414,0.13010878110465118
3414,3414,0.0
3415,9249,0.16086312362887634
9249,3415,0.16086312362887634
3415,1141,0.0865244639899776
1141,3415,0.0865244639899776
3415,4132,0.09398891997897951
4132,3415,0.09398891997897951
3415,9121,0.19379282809035414
9121,3415,0.19379282809035414
3415,7129,0.07071185480405973
7129,3415,0.07071185480405973
3415,9235,0.138432343145235
9235,3415,0.138432343145235
3415,5419,0.10259978890909238
5419,3415,0.10259978890909238
3415,3416,0.04538829414348189
3416,3415,0.04538829414348189
3415,6124,0.06654598599453554
6124,3415,0.06654598599453554
3415,3414,0.10525350883270645
3414,3415,0.10525350883270645
3415,3415,0.0
3412,9249,0.127322537739202
9249,3412,0.127322537739202
3412,1141,0.043193672977842934
1141,3412,0.043193672977842934
3412,4132,0.03866199128840897
4132,3412,0.03866199128840897
3412,9121,0.20223439562047985
9121,3412,0.20223439562047985
3412,7129,0.04048824285814545
7129,3412,0.04048824285814545
3412,9235,0.13535391750178294
9235,3412,0.13535391750178294
3412,5419,0.12544664082587897
5419,3412,0.12544664082587897
3412,3416,0.033888129642579035
3416,3412,0.033888129642579035
3412,6124,0.034537063262106815
6124,3412,0.034537063262106815
3412,3414,0.14661404746742013
3414,3412,0.14661404746742013
3412,3415,0.04616934649816562
3415,3412,0.04616934649816562
3412,3412,0.0
3413,9249,0.12427032217546774
9249,3413,0.12427032217546774
3413,1141,0.12277554418687886
1141,3413,0.12277554418687886
3413,4132,0.12693267510625794
4132,3413,0.12693267510625794
3413,9121,0.20012117330486678
9121,3413,0.20012117330486678
3413,7129,0.06807059412301675
7129,3413,0.06807059412301675
3413,9235,0.16003089891907574
9235,3413,0.16003089891907574
3413,5419,0.17550282288597496
5419,3413,0.17550282288597496
3413,3416,0.09424850927550432
3416,3413,0.09424850927550432
3413,6124,0.07624519697554533
6124,3413,0.07624519697554533
3413,3414,0.0538029512270104
3414,3413,0.0538029512270104
3413,3415,0.06841133476444428
3415,3413,0.06841133476444428
3413,3412,0.06666121149977478
3412,3413,0.06666121149977478
3413,3413,0.0
3411,9249,0.17013185765037897
9249,3411,0.17013185765037897
3411,1141,0.08726380867989281
1141,3411,0.08726380867989281
3411,4132,0.11521538883129756
4132,3411,0.11521538883129756
3411,9121,0.10968854029897335
9121,3411,0.10968854029897335
3411,7129,0.0823370893892712
7129,3411,0.0823370893892712
3411,9235,0.07784236825589297
9235,3411,0.07784236825589297
3411,5419,0.04201767550991553
5419,3411,0.04201767550991553
3411,3416,0.041550694774410535
3416,3411,0.041550694774410535
3411,6124,0.09457873596093114
6124,3411,0.09457873596093114
3411,3414,0.12105976321816592
3414,3411,0.12105976321816592
3411,3415,0.05609859692919872
3415,3411,0.05609859692919872
3411,3412,0.07574835680679348
3412,3411,0.07574835680679348
3411,3413,0.08936644290697993
3413,3411,0.08936644290697993
3411,3411,0.0
5213,9249,0.1981466692396482
9249,5213,0.1981466692396482
5213,1141,0.1757970027212149
1141,5213,0.1757970027212149
5213,4132,0.23477475532166314
4132,5213,0.23477475532166314
5213,9121,0.03637079576162561
9121,5213,0.03637079576162561
5213,7129,0.17939240583449456
7129,5213,0.17939240583449456
5213,9235,0.05153571773081489
9235,5213,0.05153571773081489
5213,5419,0.11712922255470892
5419,5213,0.11712922255470892
5213,3416,0.19137104584565978
3416,5213,0.19137104584565978
5213,6124,0.20325095702950213
6124,5213,0.20325095702950213
5213,3414,0.1966369920267863
3414,5213,0.1966369920267863
5213,3415,0.20123885843568579
3415,5213,0.20123885843568579
5213,3412,0.21507961225508376
3412,5213,0.21507961225508376
5213,3413,0.21620401449133642
3413,5213,0.21620401449133642
5213,3411,0.1089284716999056
3411,5213,0.1089284716999056
5213,5213,0.0
2323,9249,0.1849022236189546
9249,2323,0.1849022236189546
2323,1141,0.044131483991599496
1141,2323,0.044131483991599496
2323,4132,0.051995906882393306
4132,2323,0.051995906882393306
2323,9121,0.2518443629745696
9121,2323,0.2518443629745696
2323,7129,0.06388896557849721
7129,2323,0.06388896557849721
2323,9235,0.176846303398547
9235,2323,0.176846303398547
2323,5419,0.1587422006021555
5419,2323,0.1587422006021555
2323,3416,0.05583082756883573
3416,2323,0.05583082756883573
2323,6124,0.06475084636017903
6124,2323,0.06475084636017903
2323,3414,0.1965117403708344
3414,2323,0.1965117403708344
2323,3415,0.09164960361169316
3415,2323,0.09164960361169316
2323,3412,0.03885926757016889
3412,2323,0.03885926757016889
2323,3413,0.12353484554166494
3413,2323,0.12353484554166494
2323,3411,0.11640277200785498
3411,2323,0.11640277200785498
2323,5213,0.24401267285180084
5213,2323,0.24401267285180084
2323,2323,0.0
2322,9249,0.1731766984149138
9249,2322,0.1731766984149138
2322,1141,0.05550492683507735
1141,2322,0.05550492683507735
2322,4132,0.08211169113542527
4132,2322,0.08211169113542527
2322,9121,0.25499672136772833
9121,2322,0.25499672136772833
2322,7129,0.06567383076766764
7129,2322,0.06567383076766764
2322,9235,0.1960621148772701
9235,2322,0.1960621148772701
2322,5419,0.1907060939845059
5419,2322,0.1907060939845059
2322,3416,0.07959593144535204
3416,2322,0.07959593144535204
2322,6124,0.032656454900590215
6124,2322,0.032656454900590215
2322,3414,0.17381640844937918
3414,2322,0.17381640844937918
2322,3415,0.08843508050495141
3415,2322,0.08843508050495141
2322,3412,0.04362434900828871
3412,2322,0.04362434900828871
2322,3413,0.11067492439486304
3413,2322,0.11067492439486304
2322,3411,0.12791343158710733
3411,2322,0.12791343158710733
2322,5213,0.26300506610792196
5213,2322,0.26300506610792196
2322,2323,0.0438958254851608
2323,2322,0.0438958254851608
2322,2322,0.0
2321,9249,0.17763840621632132
9249,2321,0.17763840621632132
2321,1141,0.02685338659993397
1141,2321,0.02685338659993397
2321,4132,0.07340452243011386
4132,2321,0.07340452243011386
2321,9121,0.18301540849048703
9121,2321,0.18301540849048703
2321,7129,0.06598312481200819
7129,2321,0.06598312481200819
2321,9235,0.13194988889910764
9235,2321,0.13194988889910764
2321,5419,0.1420241146539738
5419,2321,0.1420241146539738
2321,3416,0.06848501533236184
3416,2321,0.06848501533236184
2321,6124,0.04704184426284164
6124,2321,0.04704184426284164
2321,3414,0.18936846948868058
3414,2321,0.18936846948868058
2321,3415,0.10208527150175395
3415,2321,0.10208527150175395
2321,3412,0.05598380173604289
3412,2321,0.05598380173604289
2321,3413,0.13987467457567504
3413,2321,0.13987467457567504
2321,3411,0.0927650841316956
3411,2321,0.0927650841316956
2321,5213,0.18141007983800816
5213,2321,0.18141007983800816
2321,2323,0.05019734495189809
2323,2321,0.05019734495189809
2321,2322,0.04848220042703921
2322,2321,0.04848220042703921
2321,2321,0.0
3552,9249,0.15628797524028104
9249,3552,0.15628797524028104
3552,1141,0.08019721069475838
1141,3552,0.08019721069475838
3552,4132,0.1410246303220387
4132,3552,0.1410246303220387
3552,9121,0.10939670599073703
9121,3552,0.10939670599073703
3552,7129,0.0939971112233724
7129,3552,0.0939971112233724
3552,9235,0.08718280166559156
9235,3552,0.08718280166559156
3552,5419,0.14101248330233584
5419,3552,0.14101248330233584
3552,3416,0.1249274093192162
3416,3552,0.1249274093192162
3552,6124,0.10001569791001297
6124,3552,0.10001569791001297
3552,3414,0.191907051811125
3414,3552,0.191907051811125
3552,3415,0.13507645650196298
3415,3552,0.13507645650196298
3552,3412,0.11182366018728784
3412,3552,0.11182366018728784
3552,3413,0.1588298745081067
3413,3552,0.1588298745081067
3552,3411,0.10214793806930345
3411,3552,0.10214793806930345
3552,5213,0.13323941511513793
5213,3552,0.13323941511513793
3552,2323,0.12895816564709062
2323,3552,0.12895816564709062
3552,2322,0.10294154065425132
2322,3552,0.10294154065425132
3552,2321,0.0665828294501346
2321,3552,0.0665828294501346
3552,3552,0.0
3551,9249,0.147762861560081
9249,3551,0.147762861560081
3551,1141,0.03254279633549517
1141,3551,0.03254279633549517
3551,4132,0.09330767858901001
4132,3551,0.09330767858901001
3551,9121,0.10524539450085413
9121,3551,0.10524539450085413
3551,7129,0.05488033902120926
7129,3551,0.05488033902120926
3551,9235,0.07219531889949715
9235,3551,0.07219531889949715
3551,5419,0.10143222649864891
5419,3551,0.10143222649864891
3551,3416,0.06686854913640106
3416,3551,0.06686854913640106
3551,6124,0.06466044937520654
6124,3551,0.06466044937520654
3551,3414,0.16362671050052136
3414,3551,0.16362671050052136
3551,3415,0.09143640023608557
3415,3551,0.09143640023608557
3551,3412,0.06514754406035195
3412,3551,0.06514754406035195
3551,3413,0.12523946146630838
3413,3551,0.12523946146630838
3551,3411,0.060367044922856716
3411,3551,0.060367044922856716
3551,5213,0.11905871586197825
5213,3551,0.11905871586197825
3551,2323,0.06429973692059487
2323,3551,0.06429973692059487
3551,2322,0.06619329162056775
2322,3551,0.06619329162056775
3551,2321,0.029657908080197082
2321,3551,0.029657908080197082
3551,3552,0.03446362102469991
3552,3551,0.03446362102469991
3551,3551,0.0
3122,9249,0.20130691858376382
9249,3122,0.20130691858376382
3122,1141,0.06708659431820219
1141,3122,0.06708659431820219
3122,4132,0.07980573585908612
4132,3122,0.07980573585908612
3122,9121,0.20133123758997817
9121,3122,0.20133123758997817
3122,7129,0.09717193171152128
7129,3122,0.09717193171152128
3122,9235,0.14233748710064142
9235,3122,0.14233748710064142
3122,5419,0.11230665297969966
5419,3122,0.11230665297969966
3122,3416,0.05475066551101282
3416,3122,0.05475066551101282
3122,6124,0.07112040320932667
6124,3122,0.07112040320932667
3122,3414,0.21177838085208467
3414,3122,0.21177838085208467
3122,3415,0.10536276541278455
3415,3122,0.10536276541278455
3122,3412,0.06985837404510087
3412,3122,0.06985837404510087
3122,3413,0.15318796669004597
3413,3122,0.15318796669004597
3122,3411,0.08420446126685643
3411,3122,0.08420446126685643
3122,5213,0.17418142989291974
5213,3122,0.17418142989291974
3122,2323,0.07347054305542666
2323,3122,0.07347054305542666
3122,2322,0.09352905903211217
2322,3122,0.09352905903211217
3122,2321,0.0532670207731738
2321,3122,0.0532670207731738
3122,3552,0.11767868856153818
3552,3122,0.11767868856153818
3122,3551,0.06508075450922601
3551,3122,0.06508075450922601
3122,3122,0.0
3123,9249,0.143833545379648
9249,3123,0.143833545379648
3123,1141,0.07053405400838397
1141,3123,0.07053405400838397
3123,4132,0.11826048415074664
4132,3123,0.11826048415074664
3123,9121,0.0731975681480318
9121,3123,0.0731975681480318
3123,7129,0.08376663712483012
7129,3123,0.08376663712483012
3123,9235,0.06049743514536943
9235,3123,0.06049743514536943
3123,5419,0.10574996305430329
5419,3123,0.10574996305430329
3123,3416,0.09553708676509509
3416,3123,0.09553708676509509
3123,6124,0.0997984524940011
6124,3123,0.0997984524940011
3123,3414,0.17389635052961094
3414,3123,0.17389635052961094
3123,3415,0.12181249838569974
3415,3123,0.12181249838569974
3123,3412,0.09680244818876615
3412,3123,0.09680244818876615
3123,3413,0.14904832497119191
3413,3123,0.14904832497119191
3123,3411,0.07616084011822877
3411,3123,0.07616084011822877
3123,5213,0.08096780892351807
5213,3123,0.08096780892351807
3123,2323,0.1149480534232461
2323,3123,0.1149480534232461
3123,2322,0.12381643701694567
2322,3123,0.12381643701694567
3123,2321,0.06625955034214304
2321,3123,0.06625955034214304
3123,3552,0.054181111684078354
3552,3123,0.054181111684078354
3123,3551,0.02927919297123216
3551,3123,0.02927919297123216
3123,3122,0.09160886584010075
3122,3123,0.09160886584010075
3123,3123,0.0
2329,9249,0.14561795764863628
9249,2329,0.14561795764863628
2329,1141,0.039768904965867935
1141,2329,0.039768904965867935
2329,4132,0.045853913600255924
4132,2329,0.045853913600255924
2329,9121,0.21772854456875523
9121,2329,0.21772854456875523
2329,7129,0.0475942790197158
7129,2329,0.0475942790197158
2329,9235,0.15362018569240832
9235,2329,0.15362018569240832
2329,5419,0.14197994597438024
5419,2329,0.14197994597438024
2329,3416,0.051232458330809805
3416,2329,0.051232458330809805
2329,6124,0.04264495853982897
6124,2329,0.04264495853982897
2329,3414,0.18527754644584127
3414,2329,0.18527754644584127
2329,3415,0.07262461776128482
3415,2329,0.07262461776128482
2329,3412,0.02730098109755441
3412,2329,0.02730098109755441
2329,3413,0.11534533518349921
3413,2329,0.11534533518349921
2329,3411,0.10176890065489963
3411,2329,0.10176890065489963
2329,5213,0.2298269797204412
5213,2329,0.2298269797204412
2329,2323,0.02342357709933529
2323,2329,0.02342357709933529
2329,2322,0.02223604318302752
2322,2329,0.02223604318302752
2329,2321,0.045856694024201894
2321,2329,0.045856694024201894
2329,3552,0.1018585720196119
3552,2329,0.1018585720196119
2329,3551,0.053013744639928806
3551,2329,0.053013744639928806
2329,3122,0.0641236727588087
3122,2329,0.0641236727588087
2329,3123,0.09794384982288196
3123,2329,0.09794384982288196
2329,2329,0.0
4141,9249,0.13878288869174538
9249,4141,0.13878288869174538
4141,1141,0.08407899606671931
1141,4141,0.08407899606671931
4141,4132,0.03388358281343162
4132,4141,0.03388358281343162
4141,9121,0.22541773637702933
9121,4141,0.22541773637702933
4141,7129,0.0750070388193479
7129,4141,0.0750070388193479
4141,9235,0.14973136727265057
9235,4141,0.14973136727265057
4141,5419,0.14790695370602325
5419,4141,0.14790695370602325
4141,3416,0.08322204404289224
3416,4141,0.08322204404289224
4141,6124,0.0764882959811275
6124,4141,0.0764882959811275
4141,3414,0.21133329405596757
3414,4141,0.21133329405596757
4141,3415,0.09360341675702288
3415,4141,0.09360341675702288
4141,3412,0.0489622606423471
3412,4141,0.0489622606423471
4141,3413,0.11854377345706024
3413,4141,0.11854377345706024
4141,3411,0.12166813886668604
3411,4141,0.12166813886668604
4141,5213,0.23230709577370134
5213,4141,0.23230709577370134
4141,2323,0.08966014956696822
2323,4141,0.08966014956696822
4141,2322,0.11132493463623017
2322,4141,0.11132493463623017
4141,2321,0.09610459436097396
2321,4141,0.09610459436097396
4141,3552,0.1523294504993039
3552,4141,0.1523294504993039
4141,3551,0.11276116985689422
3551,4141,0.11276116985689422
4141,3122,0.08979835549835413
3122,4141,0.08979835549835413
4141,3123,0.13318449030606017
3123,4141,0.13318449030606017
4141,2329,0.07403078492674553
2329,4141,0.07403078492674553
4141,4141,0.0
8221,9249,0.19088789801558992
9249,8221,0.19088789801558992
8221,1141,0.19067210521646982
1141,8221,0.19067210521646982
8221,4132,0.2503730002071717
4132,8221,0.2503730002071717
8221,9121,0.039035474987135
9121,8221,0.039035474987135
8221,7129,0.1919048888488526
7129,8221,0.1919048888488526
8221,9235,0.036418935269902586
9235,8221,0.036418935269902586
8221,5419,0.1306144095562809
5419,8221,0.1306144095562809
8221,3416,0.210024427097793
3416,8221,0.210024427097793
8221,6124,0.2194600615976181
6124,8221,0.2194600615976181
8221,3414,0.2185030892761548
3414,8221,0.2185030892761548
8221,3415,0.21515095420218278
3415,8221,0.21515095420218278
8221,3412,0.22733963112173783
3412,8221,0.22733963112173783
8221,3413,0.22781901629024182
3413,8221,0.22781901629024182
8221,3411,0.1293962682164389
3411,8221,0.1293962682164389
8221,5213,0.03256456623642001
5213,8221,0.03256456623642001
8221,2323,0.27252237030396853
2323,8221,0.27252237030396853
8221,2322,0.28747386597130964
2322,8221,0.28747386597130964
8221,2321,0.19989019868436564
2321,8221,0.19989019868436564
8221,3552,0.14477266682421386
3552,8221,0.14477266682421386
8221,3551,0.1369493504869762
3551,8221,0.1369493504869762
8221,3122,0.19149295816749567
3122,8221,0.19149295816749567
8221,3123,0.1005247074508887
3123,8221,0.1005247074508887
8221,2329,0.24914571734842295
2329,8221,0.24914571734842295
8221,4141,0.2311114844156662
4141,8221,0.2311114844156662
8221,8221,0.0
4142,9249,0.14182259710427458
9249,4142,0.14182259710427458
4142,1141,0.07994327828554204
1141,4142,0.07994327828554204
4142,4132,0.07968488722022049
4132,4142,0.07968488722022049
4142,9121,0.1924706409971949
9121,4142,0.1924706409971949
4142,7129,0.07111263622256636
7129,4142,0.07111263622256636
4142,9235,0.13089695792354694
9235,4142,0.13089695792354694
4142,5419,0.1584333537430186
5419,4142,0.1584333537430186
4142,3416,0.08767921213634455
3416,4142,0.08767921213634455
4142,6124,0.07105481683062465
6124,4142,0.07105481683062465
4142,3414,0.21614639187811335
3414,4142,0.21614639187811335
4142,3415,0.09812104555833179
3415,4142,0.09812104555833179
4142,3412,0.06323939469320117
3412,4142,0.06323939469320117
4142,3413,0.1399040655975603
3413,4142,0.1399040655975603
4142,3411,0.12696900036767622
3411,4142,0.12696900036767622
4142,5213,0.20968163722523547
5213,4142,0.20968163722523547
4142,2323,0.11204908249804157
2323,4142,0.11204908249804157
4142,2322,0.10643789644592883
2322,4142,0.10643789644592883
4142,2321,0.09040757660750709
2321,4142,0.09040757660750709
4142,3552,0.12441434832080511
3552,4142,0.12441434832080511
4142,3551,0.0939974473961166
3551,4142,0.0939974473961166
4142,3122,0.09588247584051124
3122,4142,0.09588247584051124
4142,3123,0.11215636284278296
3123,4142,0.11215636284278296
4142,2329,0.07214936801953187
2329,4142,0.07214936801953187
4142,4141,0.05990896490864528
4141,4142,0.05990896490864528
4142,8221,0.20258885676196303
8221,4142,0.20258885676196303
4142,4142,0.0
8139,9249,0.16604098990981186
9249,8139,0.16604098990981186
8139,1141,0.13388208307450045
1141,8139,0.13388208307450045
8139,4132,0.1923392875430756
4132,8139,0.1923392875430756
8139,9121,0.04326973040776738
9121,8139,0.04326973040776738
8139,7129,0.13693171881594013
7129,8139,0.13693171881594013
8139,9235,0.03246157675343375
9235,8139,0.03246157675343375
8139,5419,0.0845885159247951
5419,8139,0.0845885159247951
8139,3416,0.14671032161839925
3416,8139,0.14671032161839925
8139,6124,0.15313325040748638
6124,8139,0.15313325040748638
8139,3414,0.17065958848128604
3414,8139,0.17065958848128604
8139,3415,0.15185967033793923
3415,8139,0.15185967033793923
8139,3412,0.1612179656322883
3412,8139,0.1612179656322883
8139,3413,0.1696079257627724
3413,8139,0.1696079257627724
8139,3411,0.07518755560369395
3411,8139,0.07518755560369395
8139,5213,0.025749592271199995
5213,8139,0.025749592271199995
8139,2323,0.20811908767962395
2323,8139,0.20811908767962395
8139,2322,0.21594427855542064
2322,8139,0.21594427855542064
8139,2321,0.14355528804270734
2321,8139,0.14355528804270734
8139,3552,0.11778560517773629
3552,8139,0.11778560517773629
8139,3551,0.10011820683896344
3551,8139,0.10011820683896344
8139,3122,0.13674818853573545
3122,8139,0.13674818853573545
8139,3123,0.08062979716165752
3123,8139,0.08062979716165752
8139,2329,0.18662296161752212
2329,8139,0.18662296161752212
8139,4141,0.17794948776441966
4141,8139,0.17794948776441966
8139,8221,0.030003013754548724
8221,8139,0.030003013754548724
8139,4142,0.15745244191233732
4142,8139,0.15745244191233732
8139,8139,0.0
6221,9249,0.13266317769563318
9249,6221,0.13266317769563318
6221,1141,0.1113776260698397
1141,6221,0.1113776260698397
6221,4132,0.12188661376116994
4132,6221,0.12188661376116994
6221,9121,0.13047727494818562
9121,6221,0.13047727494818562
6221,7129,0.08003559483929112
7129,6221,0.08003559483929112
6221,9235,0.09217978536699134
9235,6221,0.09217978536699134
6221,5419,0.09903264705826265
5419,6221,0.09903264705826265
6221,3416,0.12352221059372526
3416,6221,0.12352221059372526
6221,6124,0.11263229754314508
6124,6221,0.11263229754314508
6221,3414,0.1396784233355528
3414,6221,0.1396784233355528
6221,3415,0.10941175488515664
3415,6221,0.10941175488515664
6221,3412,0.10187832633779503
3412,6221,0.10187832633779503
6221,3413,0.09563614469838588
3413,6221,0.09563614469838588
6221,3411,0.07693809558134235
3411,6221,0.07693809558134235
6221,5213,0.1431858167602562
5213,6221,0.1431858167602562
6221,2323,0.16190297402510345
2323,6221,0.16190297402510345
6221,2322,0.17277180648328483
2322,6221,0.17277180648328483
6221,2321,0.13667910716129084
2321,6221,0.13667910716129084
6221,3552,0.14101076268824486
3552,6221,0.14101076268824486
6221,3551,0.11187284077991122
3551,6221,0.11187284077991122
6221,3122,0.13689024429871144
3122,6221,0.13689024429871144
6221,3123,0.11669505634331934
3123,6221,0.11669505634331934
6221,2329,0.14235742926773487
2329,6221,0.14235742926773487
6221,4141,0.0994935349926439
4141,6221,0.0994935349926439
6221,8221,0.15413508194332992
8221,6221,0.15413508194332992
6221,4142,0.1230808594159879
4142,6221,0.1230808594159879
6221,8139,0.087896807772335
8139,6221,0.087896807772335
6221,6221,0.0
8149,9249,0.18360288219171328
9249,8149,0.18360288219171328
8149,1141,0.12419488211453578
1141,8149,0.12419488211453578
8149,4132,0.19817074645901478
4132,8149,0.19817074645901478
8149,9121,0.04369379375218807
9121,8149,0.04369379375218807
8149,7129,0.1448826268076061
7129,8149,0.1448826268076061
8149,9235,0.05193592872277397
9235,8149,0.05193592872277397
8149,5419,0.1250527295439412
5419,8149,0.1250527295439412
8149,3416,0.15324313256700528
3416,8149,0.15324313256700528
8149,6124,0.15742882041988582
6124,8149,0.15742882041988582
8149,3414,0.21244353904906277
3414,8149,0.21244353904906277
8149,3415,0.1783578225243253
3415,8149,0.1783578225243253
8149,3412,0.17260173298556425
3412,8149,0.17260173298556425
8149,3413,0.20781120420457055
3413,8149,0.20781120420457055
8149,3411,0.09789425699678989
3411,8149,0.09789425699678989
8149,5213,0.04626114899800171
5213,8149,0.04626114899800171
8149,2323,0.20613834924749297
2323,8149,0.20613834924749297
8149,2322,0.2031872389363394
2322,8149,0.2031872389363394
8149,2321,0.1241233446160801
2321,8149,0.1241233446160801
8149,3552,0.0992945176069232
3552,8149,0.0992945176069232
8149,3551,0.0823125475602462
3551,8149,0.0823125475602462
8149,3122,0.14899213594754368
3122,8149,0.14899213594754368
8149,3123,0.055329836071120964
3123,8149,0.055329836071120964
8149,2329,0.17727667444019835
2329,8149,0.17727667444019835
8149,4141,0.20091744814760448
4141,8149,0.20091744814760448
8149,8221,0.05263905827062898
8221,8149,0.05263905827062898
8149,4142,0.14208410158467277
4142,8149,0.14208410158467277
8149,8139,0.04131471292043487
8139,8149,0.04131471292043487
8149,6221,0.1429073972411422
6221,8149,0.1429073972411422
8149,8149,0.0
4134,9249,0.12745942547457423
9249,4134,0.12745942547457423
4134,1141,0.027817186007540573
1141,4134,0.027817186007540573
4134,4132,0.04631530639457637
4132,4134,0.04631530639457637
4134,9121,0.14226487931631693
9121,4134,0.14226487931631693
4134,7129,0.03851989574985637
7129,4134,0.03851989574985637
4134,9235,0.08319724435489206
9235,4134,0.08319724435489206
4134,5419,0.09746667252847385
5419,4134,0.09746667252847385
4134,3416,0.043467030868188594
3416,4134,0.043467030868188594
4134,6124,0.054642064539294544
6124,4134,0.054642064539294544
4134,3414,0.1667119386835375
3414,4134,0.1667119386835375
4134,3415,0.07260862035237892
3415,4134,0.07260862035237892
4134,3412,0.03818620280439167
3412,4134,0.03818620280439167
4134,3413,0.10946575842508321
3413,4134,0.10946575842508321
4134,3411,0.0656814649237828
3411,4134,0.0656814649237828
4134,5213,0.14787771687549878
5213,4134,0.14787771687549878
4134,2323,0.037073052092480574
2323,4134,0.037073052092480574
4134,2322,0.06293073373273517
2322,4134,0.06293073373273517
4134,2321,0.040452870897196624
2321,4134,0.040452870897196624
4134,3552,0.07545757925068552
3552,4134,0.07545757925068552
4134,3551,0.027682918968043646
3551,4134,0.027682918968043646
4134,3122,0.048476920404004864
3122,4134,0.048476920404004864
4134,3123,0.054715134859341985
3123,4134,0.054715134859341985
4134,2329,0.02886231326984723
2329,4134,0.02886231326984723
4134,4141,0.06514073789233521
4141,4134,0.06514073789233521
4134,8221,0.16123590739014904
8221,4134,0.16123590739014904
4134,4142,0.06667646918700831
4142,4134,0.06667646918700831
4134,8139,0.11873963599417914
8139,4134,0.11873963599417914
4134,6221,0.10687173921078541
6221,4134,0.10687173921078541
4134,8149,0.11765068226112563
8149,4134,0.11765068226112563
4134,4134,0.0
8222,9249,0.16091784069470205
9249,8222,0.16091784069470205
8222,1141,0.1801154115304281
1141,8222,0.1801154115304281
8222,4132,0.2261925458330033
4132,8222,0.2261925458330033
8222,9121,0.04509147324775897
9121,8222,0.04509147324775897
8222,7129,0.16709443555969183
7129,8222,0.16709443555969183
8222,9235,0.030493888229238375
9235,8222,0.030493888229238375
8222,5419,0.1329627045800752
5419,8222,0.1329627045800752
8222,3416,0.20599874657316086
3416,8222,0.20599874657316086
8222,6124,0.20428217055964448
6124,8222,0.20428217055964448
8222,3414,0.21593916043682881
3414,8222,0.21593916043682881
8222,3415,0.2022179525635932
3415,8222,0.2022179525635932
8222,3412,0.20850718686375824
3412,8222,0.20850718686375824
8222,3413,0.2137407752117979
3413,8222,0.2137407752117979
8222,3411,0.13139593857339438
3411,8222,0.13139593857339438
8222,5213,0.0529845808110011
5213,8222,0.0529845808110011
8222,2323,0.2512546299286875
2323,8222,0.2512546299286875
8222,2322,0.2609965316284044
2322,8222,0.2609965316284044
8222,2321,0.19148326450456166
2321,8222,0.19148326450456166
8222,3552,0.12655366600093299
3552,8222,0.12655366600093299
8222,3551,0.12671733153382203
3551,8222,0.12671733153382203
8222,3122,0.19668908605022173
3122,8222,0.19668908605022173
8222,3123,0.10973229087276015
3123,8222,0.10973229087276015
8222,2329,0.22242894599350638
2329,8222,0.22242894599350638
8222,4141,0.20396272371340374
4141,8222,0.20396272371340374
8222,8221,0.026427989109059302
8221,8222,0.026427989109059302
8222,4142,0.17619053812103724
4142,8222,0.17619053812103724
8222,8139,0.04445837022485155
8139,8222,0.04445837022485155
8222,6221,0.1416787049674193
6221,8222,0.1416787049674193
8222,8149,0.07108010012752741
8149,8222,0.07108010012752741
8222,4134,0.14097494575640046
4134,8222,0.14097494575640046
8222,8222,0.0
8141,9249,0.1884718254774992
9249,8141,0.1884718254774992
8141,1141,0.1985469044299656
1141,8141,0.1985469044299656
8141,4132,0.2616171714276956
4132,8141,0.2616171714276956
8141,9121,0.035020171321631266
9121,8141,0.035020171321631266
8141,7129,0.18835685155724413
7129,8141,0.18835685155724413
8141,9235,0.049764044005331964
9235,8141,0.049764044005331964
8141,5419,0.14827299592902887
5419,8141,0.14827299592902887
8141,3416,0.213849604748496
3416,8141,0.213849604748496
8141,6124,0.23561348949600391
6124,8141,0.23561348949600391
8141,3414,0.21145879184316407
3414,8141,0.21145879184316407
8141,3415,0.20888632031869314
3415,8141,0.20888632031869314
8141,3412,0.22262587568105952
3412,8141,0.22262587568105952
8141,3413,0.21369758930573346
3413,8141,0.21369758930573346
8141,3411,0.13438260580241002
3411,8141,0.13438260580241002
8141,5213,0.05161481612476415
5213,8141,0.05161481612476415
8141,2323,0.276603039804284
2323,8141,0.276603039804284
8141,2322,0.28322691409421774
2322,8141,0.28322691409421774
8141,2321,0.21153029347502372
2321,8141,0.21153029347502372
8141,3552,0.13019122936206728
3552,8141,0.13019122936206728
8141,3551,0.13281530406801678
3551,8141,0.13281530406801678
8141,3122,0.2288931829118993
3122,8141,0.2288931829118993
8141,3123,0.09865793332138273
3123,8141,0.09865793332138273
8141,2329,0.24927944980640793
2329,8141,0.24927944980640793
8141,4141,0.2446435669075554
4141,8141,0.2446435669075554
8141,8221,0.05441949950581071
8221,8141,0.05441949950581071
8141,4142,0.21310145428504523
4142,8141,0.21310145428504523
8141,8139,0.06069415322381699
8139,8141,0.06069415322381699
8141,6221,0.1574065150357894
6221,8141,0.1574065150357894
8141,8149,0.06993162051227775
8149,8141,0.06993162051227775
8141,4134,0.16777811380652163
4134,8141,0.16777811380652163
8141,8222,0.06825204681724006
8222,8141,0.06825204681724006
8141,8141,0.0
8229,9249,0.1891964452294651
9249,8229,0.1891964452294651
8229,1141,0.19358217042863468
1141,8229,0.19358217042863468
8229,4132,0.2640563996009385
4132,8229,0.2640563996009385
8229,9121,0.03182526612369729
9121,8229,0.03182526612369729
8229,7129,0.19759508576670226
7129,8229,0.19759508576670226
8229,9235,0.03590519714309792
9235,8229,0.03590519714309792
8229,5419,0.13489410761346565
5419,8229,0.13489410761346565
8229,3416,0.21895965663106765
3416,8229,0.21895965663106765
8229,6124,0.22315407251108288
6124,8229,0.22315407251108288
8229,3414,0.22150992097801414
3414,8229,0.22150992097801414
8229,3415,0.2170208554409111
3415,8229,0.2170208554409111
8229,3412,0.2306823204439924
3412,8229,0.2306823204439924
8229,3413,0.23265838106340408
3413,8229,0.23265838106340408
8229,3411,0.1330469109353658
3411,8229,0.1330469109353658
8229,5213,0.027537474670526252
5213,8229,0.027537474670526252
8229,2323,0.2794133150294723
2323,8229,0.2794133150294723
8229,2322,0.2880297674180896
2322,8229,0.2880297674180896
8229,2321,0.2059703008974998
2321,8229,0.2059703008974998
8229,3552,0.13708964111548883
3552,8229,0.13708964111548883
8229,3551,0.13538699945356447
3551,8229,0.13538699945356447
8229,3122,0.2045025022498267
3122,8229,0.2045025022498267
8229,3123,0.10215160750749186
3123,8229,0.10215160750749186
8229,2329,0.25325448099074255
2329,8229,0.25325448099074255
8229,4141,0.2429822079120022
4141,8229,0.2429822079120022
8229,8221,0.012327356994094929
8221,8229,0.012327356994094929
8229,4142,0.20573596553365392
4142,8229,0.20573596553365392
8229,8139,0.02890604765783933
8139,8229,0.02890604765783933
8229,6221,0.15566021219244985
6221,8229,0.15566021219244985
8229,8149,0.0527765923971637
8149,8229,0.0527765923971637
8229,4134,0.16884160310683627
4134,8229,0.16884160310683627
8229,8222,0.02655519442104659
8222,8229,0.02655519442104659
8229,8141,0.04526996292778651
8141,8229,0.04526996292778651
8229,8229,0.0
8143,9249,0.1861314700310227
9249,8143,0.1861314700310227
8143,1141,0.19595977140458576
1141,8143,0.19595977140458576
8143,4132,0.2702616306777481
4132,8143,0.2702616306777481
8143,9121,0.019016686688759
9121,8143,0.019016686688759
8143,7129,0.19228080876391684
7129,8143,0.19228080876391684
8143,9235,0.039076249868944424
9235,8143,0.039076249868944424
8143,5419,0.14315086637738372
5419,8143,0.14315086637738372
8143,3416,0.2201438811659049
3416,8143,0.2201438811659049
8143,6124,0.22819448435680556
6124,8143,0.22819448435680556
8143,3414,0.21143659949819715
3414,8143,0.21143659949819715
8143,3415,0.21926350707460884
3415,8143,0.21926350707460884
8143,3412,0.2387200076115813
3412,8143,0.2387200076115813
8143,3413,0.23404763660804273
3413,8143,0.23404763660804273
8143,3411,0.13043620293553904
3411,8143,0.13043620293553904
8143,5213,0.025965216650703615
5213,8143,0.025965216650703615
8143,2323,0.27868412937744835
2323,8143,0.27868412937744835
8143,2322,0.2889380833453232
2322,8143,0.2889380833453232
8143,2321,0.20368201797705676
2321,8143,0.20368201797705676
8143,3552,0.13109368698469182
3552,8143,0.13109368698469182
8143,3551,0.1269262889806716
3551,8143,0.1269262889806716
8143,3122,0.20715028582268147
3122,8143,0.20715028582268147
8143,3123,0.09481387638048777
3123,8143,0.09481387638048777
8143,2329,0.2521208278737619
2329,8143,0.2521208278737619
8143,4141,0.2567928438152306
4141,8143,0.2567928438152306
8143,8221,0.021563626722217677
8221,8143,0.021563626722217677
8143,4142,0.2119842599406745
4142,8143,0.2119842599406745
8143,8139,0.03510409384182289
8139,8143,0.03510409384182289
8143,6221,0.1605577617953684
6221,8143,0.1605577617953684
8143,8149,0.04632748928817576
8149,8143,0.04632748928817576
8143,4134,0.16531625276941275
4134,8143,0.16531625276941275
8143,8222,0.031572722158191624
8222,8143,0.031572722158191624
8143,8141,0.03871392174736965
8141,8143,0.03871392174736965
8143,8229,0.012738946487476532
8229,8143,0.012738946487476532
8143,8143,0.0
8142,9249,0.14898992289699808
9249,8142,0.14898992289699808
8142,1141,0.15246263906943447
1141,8142,0.15246263906943447
8142,4132,0.21411707061730922
4132,8142,0.21411707061730922
8142,9121,0.018432515894280077
9121,8142,0.018432515894280077
8142,7129,0.14118524844728453
7129,8142,0.14118524844728453
8142,9235,0.023628929055129255
9235,8142,0.023628929055129255
8142,5419,0.11466239452446814
5419,8142,0.11466239452446814
8142,3416,0.17623305921106458
3416,8142,0.17623305921106458
8142,6124,0.17655731032322142
6124,8142,0.17655731032322142
8142,3414,0.17809645022741782
3414,8142,0.17809645022741782
8142,3415,0.1728537059019185
3415,8142,0.1728537059019185
8142,3412,0.1860190234311171
3412,8142,0.1860190234311171
8142,3413,0.1809940405035516
3413,8142,0.1809940405035516
8142,3411,0.0981499516674621
3411,8142,0.0981499516674621
8142,5213,0.02934116244475682
5213,8142,0.02934116244475682
8142,2323,0.22996488399972226
2323,8142,0.22996488399972226
8142,2322,0.2390239411874575
2322,8142,0.2390239411874575
8142,2321,0.16535591809187822
2321,8142,0.16535591809187822
8142,3552,0.10139512092816405
3552,8142,0.10139512092816405
8142,3551,0.09477937208076226
3551,8142,0.09477937208076226
8142,3122,0.16967553263202773
3122,8142,0.16967553263202773
8142,3123,0.07122054337387496
3123,8142,0.07122054337387496
8142,2329,0.2042757668860753
2329,8142,0.2042757668860753
8142,4141,0.19566104379519256
4141,8142,0.19566104379519256
8142,8221,0.022084390234333062
8221,8142,0.022084390234333062
8142,4142,0.16318049831639259
4142,8142,0.16318049831639259
8142,8139,0.026136005329764234
8139,8142,0.026136005329764234
8142,6221,0.11103279190935667
6221,8142,0.11103279190935667
8142,8149,0.044904799563200704
8149,8142,0.044904799563200704
8142,4134,0.12457545187213792
4134,8142,0.12457545187213792
8142,8222,0.02593310913166469
8222,8142,0.02593310913166469
8142,8141,0.044933187891589954
8141,8142,0.044933187891589954
8142,8229,0.01736513491267555
8229,8142,0.01736513491267555
8142,8143,0.013263320920529842
8143,8142,0.013263320920529842
8142,8142,0.0
9132,9249,0.14895531967763742
9249,9132,0.14895531967763742
9132,1141,0.15724577246548888
1141,9132,0.15724577246548888
9132,4132,0.21477195553564976
4132,9132,0.21477195553564976
9132,9121,0.019255884919494592
9121,9132,0.019255884919494592
9132,7129,0.1517608037941207
7129,9132,0.1517608037941207
9132,9235,0.02044185629721673
9235,9132,0.02044185629721673
9132,5419,0.11917597086725629
5419,9132,0.11917597086725629
9132,3416,0.18643909809171821
3416,9132,0.18643909809171821
9132,6124,0.19370033541517528
6124,9132,0.19370033541517528
9132,3414,0.19121545064873524
3414,9132,0.19121545064873524
9132,3415,0.19187832406753458
3415,9132,0.19187832406753458
9132,3412,0.19488716642539594
3412,9132,0.19488716642539594
9132,3413,0.19201923666649723
3413,9132,0.19201923666649723
9132,3411,0.1025907510743147
3411,9132,0.1025907510743147
9132,5213,0.03674640978546284
5213,9132,0.03674640978546284
9132,2323,0.24134436499548395
2323,9132,0.24134436499548395
9132,2322,0.2510180585962204
2322,9132,0.2510180585962204
9132,2321,0.17575965624687595
2321,9132,0.17575965624687595
9132,3552,0.110392531677304
3552,9132,0.110392531677304
9132,3551,0.10576222692971116
3551,9132,0.10576222692971116
9132,3122,0.18506883486827508
3122,9132,0.18506883486827508
9132,3123,0.0869661660221851
3123,9132,0.0869661660221851
9132,2329,0.21252807599881884
2329,9132,0.21252807599881884
9132,4141,0.20185914461701426
4141,9132,0.20185914461701426
9132,8221,0.02799737120277679
8221,9132,0.02799737120277679
9132,4142,0.17418381424372498
4142,9132,0.17418381424372498
9132,8139,0.02981171355896728
8139,9132,0.02981171355896728
9132,6221,0.11363218965876465
6221,9132,0.11363218965876465
9132,8149,0.04648755545098615
8149,9132,0.04648755545098615
9132,4134,0.13257489079815643
4134,9132,0.13257489079815643
9132,8222,0.024038843875582416
8222,9132,0.024038843875582416
9132,8141,0.04081609625921434
8141,9132,0.04081609625921434
9132,8229,0.023766076271774517
8229,9132,0.023766076271774517
9132,8143,0.017640447487441868
8143,9132,0.017640447487441868
9132,8142,0.016946845230107033
8142,9132,0.016946845230107033
9132,9132,0.0
1152,9249,0.1503420020494265
9249,1152,0.1503420020494265
1152,1141,0.032295510555957696
1141,1152,0.032295510555957696
1152,4132,0.038716804273016936
4132,1152,0.038716804273016936
1152,9121,0.1966952691383128
9121,1152,0.1966952691383128
1152,7129,0.05214760795239459
7129,1152,0.05214760795239459
1152,9235,0.11738248488417091
9235,1152,0.11738248488417091
1152,5419,0.0960967603223204
5419,1152,0.0960967603223204
1152,3416,0.02537669649657115
3416,1152,0.02537669649657115
1152,6124,0.0642559610637472
6124,1152,0.0642559610637472
